20 4.383879212279926 -27.305990525824836
22 3.809571480828445 -25.008971352103625
24 3.35080205667108 -23.0706745712322
26 2.9774196049573627 -21.412496028933926
28 2.6686977780254417 -19.97730695413237
30 2.409963806986889 -18.722573322453037
32 2.190567295985541 -17.61596495176822
34 2.002609080437842 -16.632462255946212
36 1.8401194306903679 -15.752396151965446
38 1.69851157893152 -14.960087497997149
40 1.5742092671576755 -14.242882237571958
42 1.4643873243455945 -13.590454023320547
44 1.3667874461491794 -12.994291526731036
46 1.2795850932021102 -12.447315718133172
48 1.2012918108145598 -11.943590193516094
50 1.1306825219239554 -11.478099156894631
52 1.0667407058933902 -11.046575295814977
54 1.008616572072787 -10.645364929067528
56 0.9555947993572442 -10.271321329943232
58 0.9070694032969554 -9.921719582127741
60 0.8625239734921943 -9.594188058151286
62 0.8215159993215501 -9.286652850421213
64 0.7836643381360285 -8.997292383161865
66 0.7486391206271432 -8.724500091744938
68 0.7161535622622595 -8.466853543210645
70 0.6859572771519276 -8.223088736133723
72 0.657830784934974 -7.992078593023176
74 0.6315809715612014 -7.772814867744139
76 0.6070373177672559 -7.5643928510809495
78 0.5840487491935984 -7.365998381809609
80 0.5624809928134729 -7.176896767391537
82 0.5422143480097043 -6.996423294283178
84 0.5231417990061392 -6.823975067743738
86 0.5051674097076616 -6.65900396860719
88 0.48820495328181085 -6.50101055244227
90 0.472176737735135 -6.349538747088028
92 0.45701259583081 -6.204171229137629
94 0.44264901336707646 -6.0645253799888375
96 0.429028374396184 -5.930249738343199
98 0.4160983056453978 -5.801020879410206
100 0.4038111053932525 -5.676540662059582
102 0.39212324448867236 -5.556533794222368
104 0.38099492919835587 -5.440745674393259
106 0.37038971720681396 -5.328940473337822
108 0.3602741794498651 -5.220899425351924
110 0.3506176015814715 -5.1164193028128455
112 0.3413917198108437 -5.015311051461832
114 0.33257048662324645 -4.917398566972211
116 0.32412986255076603 -4.82251759600619
118 0.3160476307080848 -4.730514747207653
120 0.30830323126995474 -4.641246599489439
122 0.30087761345680814 -4.554578896613781
124 0.29375310292758716 -4.470385818453206
126 0.28691328275882616 -4.388549320539517
128 0.28034288643062727 -4.308958534530602
130 0.27402770144376815 -4.231509223121263
132 0.26795448236943425 -4.1561032837060905
134 0.2621108722833326 -4.08264829576338
136 0.2564853316666834 -4.011057107522692
138 0.25106707396788125 -3.94124745797483
140 0.24584600711765 -3.8731416307391333
142 0.24081268037247366 -3.806666136684429
144 0.23595823593627183 -3.7417514225395583
146 0.23127436487311176 -3.6783316030334015
148 0.22675326687938765 -3.6163442143592563
150 0.222387613532951 -3.5557299869990056
152 0.21817051467862233 -3.4964326361408333
154 0.21409548764755093 -3.438398668106559
156 0.21015642904053108 -3.38157720136467
158 0.20634758883379362 -3.325919800851864
160 0.20266354659210886 -3.2713803244427107
162 0.1990991895960205 -3.217914780530411
164 0.1956496927102598 -3.1654811957722635
166 0.19231049983776521 -3.1140394921497077
168 0.1890773068199488 -3.0635513725704717
170 0.18594604565708633 -3.013980214310474
172 0.18291286993583286 -2.9652909696584353
174 0.17997414136176174 -2.917450073186737
176 0.1771264173040275 -2.8704253551155685
178 0.1743664392694716 -2.82418596029494
180 0.17169112223004104 -2.7787022723608517
182 0.16909754473539818 -2.7339458426664023
184 0.16658293974878685 -2.689889323621851
186 0.16414468614945912 -2.646506406100345
188 0.16178030085119774 -2.6037717606107917
190 0.1594874314898082 -2.5616609819434837
192 0.157263849638158 -2.520150537037136
194 0.15510744450967512 -2.4792177158193405
196 0.15301621711585217 -2.438840584804942
198 0.15098827484587357 -2.3989979432431614
200 0.14902182643941309 -2.3596692816296074
202 0.14711517732627635 -2.3208347424038442
204 0.14526672530926882 -2.2824750826712275
206 0.14347495656806916 -2.2445716388033388
208 0.14173844196474122 -2.2071062927695575
210 0.14005583363293425 -2.170061440071763
212 0.13842586183435995 -2.1334199591683856
214 0.13684733206826633 -2.097165182260665
216 0.13531912242024383 -2.061280867343398
218 0.1338401811389121 -2.025751171419745
220 0.13240952442984846 -1.9905606247830128
222 0.13102623445720873 -1.9556941062763236
224 0.1296894575449001 -1.9211368194485425
226 0.12839840257009727 -1.8868742695270517
228 0.12715233954294383 -1.8528922411266897
230 0.1259505983670988 -1.8191767766268347
232 0.12479256777700198 -1.7857141551469005
234 0.12367769444834921 -1.7524908720479682
236 0.12260548227954199 -1.7194936189037104
238 0.1215754918423048 -1.6867092638703567
240 0.12058734000085193 -1.6541248323994941
242 0.11964069969995818 -1.6217274882298467
244 0.1187352999227943 -1.5895045146006617
246 0.11787092582064435 -1.5574432956289281
248 0.11704741901769236 -1.525531297788675
250 0.1162646780943234 -1.4937560514361716
252 0.11552265925441904 -1.4621051323237098
254 0.11482137718233684 -1.4305661430348209
256 0.11416090609704563 -1.3991266942938254
258 0.11354138101139229 -1.367774386069504
260 0.11296299920674562 -1.3364967884266172
262 0.11242602193360055 -1.3052814220463658
264 0.11193077635091386 -1.2741157383539525
266 0.11147765771866328 -1.2429870991787546
268 0.11106713185902772 -1.2118827558726544
270 0.11069973790489351 -1.1807898278070703
272 0.11037609135513003 -1.1496952801650369
274 0.11009688745944783 -1.1185859009389858
276 0.109862904957864 -1.0874482770425042
278 0.10967501020241979 -1.0562687694281696
280 0.10953416169259712 -1.0250334871119207
282 0.1094414150587374 -0.9937282599790983
284 0.10939792853212896 -0.9623386102537297
286 0.10940496894457441 -0.930849722488099
288 0.10946391830548557 -0.8992464119344848
290 0.10957628100927046 -0.8675130911303961
292 0.10974369173301617 -0.8356337345285507
294 0.10996792409009984 -0.8035918409845344
296 0.11025090011422584 -0.771370393888473
298 0.11059470065642059 -0.7389518187226639
300 0.11100157678739381 -0.7063179377911497
302 0.11147396230925039 -0.6734499218516654
304 0.11201448749248129 -0.6403282383521947
306 0.11262599416921301 -0.6069325959381607
308 0.1133115523288661 -0.5732418848703927
310 0.11407447838197403 -0.5392341129521284
312 0.11491835527823203 -0.5048863365132842
314 0.1158470546888523 -0.4701745859700868
316 0.11686476149127606 -0.4350737853995865
318 0.1179760008251985 -0.39955766553191785
320 0.11918566802549521 -0.3635986694701949
322 0.12049906177895361 -0.3271678503912021
324 0.12192192089979637 -0.2902347603724808
326 0.12346046517418391 -0.2527673294072596
328 0.12512144078858392 -0.21473173353425212
330 0.1269121709300331 -0.17609225090559094
332 0.12884061223449544 -0.13681110443682112
334 0.13091541785852076 -0.09684828953785593
336 0.13314600806840685 -0.056161385212942685
338 0.13554264937756316 -0.014705346606606873
340 0.13811654342567825 0.027567723197002104
342 0.14087992698218366 0.07070882460091897
344 0.14384618468118004 0.11477233896558266
346 0.1470299763610835 0.15981633535081985
348 0.1504473811947817 0.20590291019233883
350 0.15411606117294538 0.25309856412904447
352 0.1580554469469031 0.3014746207937117
354 0.16228694957400003 0.35110769312303436
356 0.16683420234780075 0.4020802035683134
358 0.17172333767016923 0.45448096559157314
360 0.17698330485366875 0.5084058349846661
362 0.18264623587746065 0.5639584409306001
364 0.18874786749723663 0.6212510083407551
366 0.19532802979578298 0.6804052849302221
368 0.20243121332702887 0.7415535887661258
370 0.2101072295549134 0.8048399947686787
372 0.2184119824379365 0.870421681871436
374 0.2274083729278959 0.938470466478168
376 0.23716736304018948 1.0091745525264924
378 0.2477692322880206 1.0827405341397467
380 0.25930506700797845 1.1593956936979988
382 0.27187853290906644 1.2393906464615108
384 0.28560799367403783 1.3230023929968782
386 0.30062905446072613 1.410537853001781
388 0.3170976298078516 1.5023379692133885
390 0.33519366225290814 1.5987824886106339
392 0.35512565298418336 1.7002955509025413
394 0.3771362118914363 1.8073522423053143
396 0.4015088953724695 1.9204863071846328
398 0.42857668165575696 2.0402992526981176
400 0.4587325429045435 2.1674711340203654
402 0.4924427218924299 2.30277337199389
404 0.5302635242600517 2.4470840334366954
406 0.5728627179330021 2.6014060987742442
408 0.6210470223648714 2.766889353380754
410 0.6757977208156393 2.944856666877465
412 0.7383172119807934 3.136835562488962
414 0.8100904431903244 3.3445961096054826
416 0.8929668041901924 3.570196258692678
418 0.9892704670572166 3.8160356978775054
420 1.1019507364907941 4.084918980170244
422 1.2347893562230514 4.380127719158476
424 1.3926898946172939 4.705499419610533
426 1.582086869839599 5.065505678697401
428 1.8115316131709507 5.465312406386326
430 2.0925417128119888 5.910783961930864
432 2.4408464782819217 6.40835055782171
434 2.8782283537928026 6.964570787505044
436 3.4352520903472477 7.585040209846771
438 4.155270544755072 8.271921514718123
440 5.10009505375133 9.01859740598123
442 6.357234312434771 9.798397523989163
444 8.046390796848977 10.541527181140683
446 10.315407022091165 11.09057655555987
448 13.295269148458674 11.126686655166923
450 16.945396082175698 10.095201534270865
452 20.726667953269338 7.298573492450876
454 23.353739125525706 2.485980570819589
456 23.45851404994615 -3.3057154365364076
458 21.023665388483177 -8.190545552632406
460 17.385773343306973 -11.112880046463637
462 13.817766810673476 -12.289322977721934
464 10.869268397841735 -12.38903480204385
466 8.59909649255921 -11.954268867609313
468 6.891241422917195 -11.302579844976227
470 5.607370367145789 -10.594570178941797
472 4.6331139839025886 -9.904121771103535
474 3.8837291260492703 -9.26154575569237
476 3.2987297472098014 -8.67634499184523
478 2.8353175778614146 -8.148540973971151
480 2.4630839912232703 -7.674163913050455
482 2.160205115263263 -7.247861798573115
484 1.9108193318036522 -6.864103517137088
486 1.703241631019587 -6.517699769780307
488 1.528746607717813 -6.203996215390959
490 1.3807328877180942 -5.918912818172372
492 1.2541433906328967 -5.658914831018967
494 1.1450582800627573 -5.420957080068668
496 1.0504055977375868 -5.202421449831173
498 0.9677529965742409 -5.001056625193853
500 0.8951560239305109 -4.814923777542286
502 0.8310463098708779 -4.642349275285494
504 0.7741482469399095 -4.481884287512637
506 0.7234162452475603 -4.332270638956571
508 0.6779870095581906 -4.192412109322479
510 0.637142899149799 -4.0613503684621515
512 0.6002835459733381 -3.938244808306021
514 0.5669036849140882 -3.822355626624494
516 0.5365756990379926 -3.7130296142648604
518 0.5089357740879262 -3.609688186741585
520 0.4836728381575697 -3.511817279091144
522 0.4605196671243244 -3.418958789298278
524 0.4392456864297007 -3.3307033110110282
526 0.41965111071783856 -3.2466839421091787
528 0.40156214551754116 -3.1665709933106307
530 0.38482703727005324 -3.0900674518332862
532 0.3693128050198236 -3.0169050803187143
534 0.3549025229257277 -2.9468410518321058
536 0.34149305025411214 -2.8796550385851516
538 0.32899312676922293 -2.815146685858175
540 0.31732176794847533 -2.7531334139042736
542 0.3064069073686958 -2.6934484999518298
544 0.29618424376680813 -2.6359394001130325
546 0.28659625830624375 -2.5804662773440827
548 0.2775913739659698 -2.5269007068834086
550 0.26912323406805017 -2.475124534972139
552 0.261150081049825 -2.4250288703027234
554 0.2536342198901385 -2.376513190701818
556 0.24654155326955987 -2.3294845501088126
558 0.23984117771983596 -2.283856873055597
560 0.23350503179291648 -2.2395503256740956
562 0.227507588736147 -2.196490753781088
564 0.22182558735898286 -2.1546091798949716
566 0.21643779576498667 -2.113841352132327
568 0.21132480344546317 -2.074127338880599
570 0.20646883791268353 -2.035411163938135
572 0.20185360262023133 -1.9976404775008558
574 0.19746413339581745 -1.960766258965773
576 0.19328667101117722 -1.924742548019717
578 0.18930854785303627 -1.8895262009332734
580 0.18551808694184013 -1.8550766693360508
582 0.18190451178814582 -1.8213557990950553
584 0.17845786578075257 -1.788327647187083
586 0.17516893997563085 -1.7559583147109
588 0.17202920830333457 -1.7242157943909346
590 0.1690307693409973 -1.693069831121437
592 0.1661662939033957 -1.6624917942513981
594 0.16342897780252147 -1.6324545604638614
596 0.16081249920592564 -1.6029324062236716
598 0.15831098009409966 -1.5739009088784475
600 0.15591895137775216 -1.5453368555958413
602 0.15363132128867835 -1.5172181594064909
604 0.15144334670339837 -1.4895237816938764
606 0.1493506070986436 -1.4622336605459958
608 0.1473489808724641 -1.435328644435218
610 0.14543462379510988 -1.408790430752204
612 0.14360394938056792 -1.382601508762551
614 0.14185361099272026 -1.3567451065972083
616 0.14018048552059806 -1.3312051419243247
618 0.13858165847589946 -1.3059661759880508
620 0.13705441038078967 -1.2810133707190208
622 0.13559620432907152 -1.2563324486587333
624 0.13420467461578872 -1.231909655457492
626 0.13287761634149955 -1.2077317247280388
628 0.1316129759073039 -1.1837858450545122
630 0.13040884232538905 -1.1600596289783442
632 0.1292634392778205 -1.1365410837905692
634 0.12817511786312671 -1.1132185839811393
636 0.1271423499765653 -1.0900808452024675
638 0.1261637222754376 -1.067116899618219
640 0.12523793068611455 -1.044316072519185
642 0.12436377541381996 -1.0216679600938858
644 0.12354015642014514 -0.999162408252162
646 0.12276606933759206 -0.9767894924076154
648 0.12204060179308232 -0.9545394981276052
650 0.12136293011614459 -0.9324029025700692
652 0.12073231640991883 -0.9103703566285548
654 0.12014810596590317 -0.888432667710524
656 0.11960972500579047 -0.866580783083735
658 0.11911667873600666 -0.8448057737194806
660 0.11866854970262339 -0.8230988185758016
662 0.11826499643632936 -0.8014511892559713
664 0.11790575237920405 -0.779854234988812
666 0.11759062508649096 -0.7582993678722647
668 0.11731949569874676 -0.7367780483277516
670 0.11709231868111235 -0.7152817707128342
672 0.11690912182828264 -0.6938020490385366
674 0.116770006535384 -0.6723304027433293
676 0.11667514833662232 -0.6508583424694928
678 0.11662479771522287 -0.6293773557935192
680 0.11661928118994101 -0.6078788928579356
682 0.116659002685148 -0.5863543518532381
684 0.11674444519329447 -0.5647950642975124
686 0.11687617274058988 -0.5431922800588694
688 0.11705483266858574 -0.5215371520651675
690 0.11728115824663073 -0.4998207206443963
692 0.11755597163240282 -0.4780338974341605
694 0.11788018720017086 -0.4561674487986667
696 0.11825481525914514 -0.43421197868670747
698 0.1186809661871069 -0.4121579108614448
700 0.11915985500772067 -0.38999547042807525
702 0.1196928064433898 -0.3677146645810796
704 0.12028126047922587 -0.3453052624874165
706 0.12092677847790731 -0.3227567742180907
708 0.1216310498900018 -0.3000584286276352
710 0.12239589960906154 -0.2771991500849023
712 0.12322329602695374 -0.25416753393758507
714 0.12411535985082242 -0.23095182059414404
716 0.1250743737503677 -0.20753986809156347
718 0.12610279291197168 -0.18391912300656088
720 0.12720325658496912 -0.16007658955761445
722 0.12837860071547236 -0.13599879672843787
724 0.1296318717740942 -0.11167176323144058
726 0.13096634189660053 -0.08708096010789358
728 0.1323855254707485 -0.06221127074850542
730 0.13389319731844318 -0.03704694809014064
732 0.1354934126406123 -0.011571568726440905
734 0.13719052891263134 0.014232016360238872
736 0.13898922994165336 0.040381734767013844
738 0.14089455232353165 0.06689634969191031
740 0.14291191456757052 0.09379552140133117
742 0.14504714919167203 0.12109987357615701
744 0.1473065381302049 0.1488310650175332
746 0.1496968518419903 0.1770118672435622
748 0.15222539255821196 0.20566624857157753
750 0.15490004216945447 0.23481946534253786
752 0.15772931532044818 0.264498161024055
754 0.16072241836052395 0.2947304740091176
756 0.16388931489012606 0.3255461550289258
758 0.16724079875056394 0.3569766952028097
760 0.17078857542834483 0.38905546587307055
762 0.17454535299060953 0.42181787151719
764 0.17852494383641804 0.45530151718130485
766 0.18274237874726917 0.4895463920715343
768 0.18721403495112784 0.5245950711354235
770 0.1919577801880039 0.560492936714087
772 0.19699313508601315 0.59728842261149
774 0.20234145653707372 0.6350332832364235
776 0.20802614521181395 0.6737828908347229
778 0.21407288088912466 0.7135965642356905
780 0.22050988991311177 0.7545379330068049
782 0.22736824985439272 0.7966753414588393
784 0.23468223736643468 0.8400822975615992
786 0.24248972632972496 0.8848379725610411
788 0.2508326447040208 0.9310277579167668
790 0.2597575001185836 0.9787438871454223
792 0.26931598618551367 1.0280861312730898
794 0.2795656839058448 1.0791625778863205
796 0.2905708754576714 1.1320905052674057
798 0.30240349124295407 1.1869973648197494
800 0.3151442154965313 1.244021886983836
802 0.32888378124345147 1.3033153281292365
804 0.3437244922141961 1.365042878540459
806 0.35978201785055414 1.4293852546101258
808 0.37718751823717084 1.496540501752928
810 0.396090169287015 1.5667260383642398
812 0.4166601756089556 1.6401809753468362
814 0.4390923802623284 1.7171687502695385
816 0.4636106084736267 1.7979801199252403
818 0.490472918255511 1.8829365596654113
820 0.5199779772528099 1.972394121846278
822 0.5524728454746587 2.066747808177099
824 0.5883625224754998 2.1664365102345897
826 0.628121721304312 2.271948566448378
828 0.6723094687487959 2.3838279685866466
830 0.7215873138206106 2.5026812197889017
832 0.7767421702245761 2.629184789237374
834 0.8387151459488659 2.7640930089889095
836 0.9086381546490815 2.908246089411454
838 0.9878807008502202 3.0625776471269406
840 1.0781100405827928 3.2281206716406374
842 1.1813690156173637 3.4060100858059035
844 1.3001773382561426 3.5974787853686996
846 1.4376640774130338 3.8038419486363813
848 1.5977416770044144 4.026460944294621
850 1.7853350775135424 4.266672419799561
852 2.0066832565765544 4.525658592462051
854 2.269734031766899 4.804218837246165
856 2.5846541520575763 5.102376191875833
858 2.9644701341345527 5.418708809612197
860 3.4258281858888204 5.749226217731577
862 3.9897851790394987 6.085502673455463
864 4.682355864800431 6.411632230749364
866 5.534124441541339 6.699421739687606
868 6.577381163922636 6.90126979706687
870 7.837762701379377 6.940951429555063
872 9.31555154257579 6.70536407198362
874 10.952061941658695 6.047190109922687
876 12.5862540271251 4.81870917202072
878 13.935031627946568 2.956320091436834
880 14.660372614356223 0.5904029808813738
882 14.541313710211792 -1.9273668577409082
884 13.623757807158679 -4.1697295080817005
886 12.185464839287988 -5.849627717619879
888 10.557981533308173 -6.907763676765842
890 8.984669791235934 -7.443697732277173
892 7.589190969308646 -7.607976798537964
894 6.408124390905585 -7.535941660560774
896 5.432046270470326 -7.3268918686979205
898 4.633498758300312 -7.046323998655977
900 3.981535977610443 -6.734750637169792
902 3.4478684599181264 -6.416086885327836
904 3.0087612540136575 -6.103819228099966
906 2.645090020466121 -5.8050910494887304
908 2.341736592810496 -5.523274234654874
910 2.0868420228749938 -5.259545777811244
912 1.8711166676073367 -5.013840341125933
914 1.6872665605144925 -4.785420182866906
916 1.529538963455225 -4.573212973832376
918 1.3933707486656168 -4.376009493560586
920 1.2751193238056402 -4.192576960072922
922 1.1718575337647412 -4.021721704562676
924 1.0812172925084071 -3.8623215851046586
926 1.0012700383119129 -3.7133404946454633
928 0.9304349473174769 -3.5738324554894647
930 0.8674080908327608 -3.4429398402274614
932 0.8111074417612956 -3.319888460011037
934 0.7606299260536374 -3.2039811613349207
936 0.7152176745396687 -3.094590899017612
938 0.6742313412535442 -2.9911538407362137
940 0.6371288807434172 -2.8931628068613793
942 0.6034485674356765 -2.8001611969681517
944 0.572795330897089 -2.711737463422899
946 0.544829698212017 -2.6275201394128898
948 0.5192587979886001 -2.547173399170685
950 0.4958290037968799 -2.470393112823983
952 0.47431988843705986 -2.3969033516473486
954 0.4545392318626354 -2.3264532979200956
956 0.4363188804040071 -2.258814514953985
958 0.4195112972296813 -2.1937785357377115
960 0.40398667679195266 -2.131154732256901
962 0.3896305215892484 -2.070768431382164
964 0.37634159962961905 -2.012459246975658
966 0.3640302167798044 -1.9560796014118422
968 0.35261675069222315 -1.901493412951471
970 0.34203040295243775 -1.848574928322631
972 0.3322081340435963 -1.7972076824557153
974 0.3230937521116677 -1.7472835696001896
976 0.3146371316685926 -1.6987020120493868
978 0.3067935425461182 -1.6513692144375085
980 0.2995230728159935 -1.605197493091094
982 0.29279013217264566 -1.5601046712194484
984 0.286563024564073 -1.5160135318675745
986 0.2808135807478192 -1.4728513215333456
988 0.27551684302151624 -1.4305492981926116
990 0.2706507956945849 -1.3890423182078515
992 0.2661961359779914 -1.348268457220823
994 0.26213608091399637 -1.3081686606672376
996 0.2584562067820885 -1.268686420019261
998 0.25514431812543525 -1.2297674712502118
1000 0.25219034417168135 -1.1913595123614524
1002 0.24958626098905223 -1.153411937095172
1004 0.24732603824393326 -1.1158755822054394
1006 0.24540560992256025 -1.078702485861106
1008 0.24382286886600035 -1.0418456549367356
1010 0.24257768545400207 -1.0052588390882866
1012 0.24167195127903285 -0.9688963096397712
1014 0.24110964918914402 -0.932712641414509
1016 0.240896951665906 -0.8966624957402611
1018 0.24104235016144085 -0.8607004029531519
1020 0.2415568187666816 -0.8247805428189671
1022 0.2424540164507744 -0.7888565214040574
1024 0.24375053312877246 -0.7528811430696007
1026 0.24546618601993392 -0.7168061764480385
1028 0.24762437420070985 -0.6805821135282705
1030 0.25025250099000945 -0.6441579213429915
1032 0.25338247590333596 -0.607480786285985
1034 0.25705131046217866 -0.5704958518375959
1036 0.2613018252567008 -0.5331459515542712
1038 0.266183489464731 -0.495371340693199
1040 0.2717534186959122 -0.4571094319982392
1042 0.27807756275600426 -0.4182945441971676
1044 0.2852321219593684 -0.37885767602862486
1046 0.2933052392495707 -0.33872632460860763
1048 0.3023990259615222 -0.2978243753789216
1050 0.312631991963756 -0.25607210272120545
1052 0.3241419665657005 -0.2133863369982979
1054 0.3370896153616212 -0.1696808772536407
1056 0.3516626803820288 -0.12486726190891784
1058 0.36808109651807597 -0.07885605652149923
1060 0.386603165504848 -0.03155888369518487
1062 0.4075329978878632 0.017108486430075266
1064 0.4312294590897548 0.06722153479533242
1066 0.4581168694760007 0.1188402448062116
1068 0.4886976942426467 0.1719993087765978
1070 0.5235673881142413 0.22669402710216888
1072 0.5634313812127341 0.2828601353042906
1074 0.6091238179251826 0.3403451152376736
1076 0.6616269414614103 0.3988676600901656
1078 0.7220887088968756 0.45796087113061995
1080 0.7918339389156059 0.5168935672531659
1082 0.8723604623242766 0.5745631136573415
1084 0.9653055935122975 0.6293532319706848
1086 1.0723589553227177 0.6789530751871679
1088 1.1950849980740152 0.7201427667364891
1090 1.3346042896266468 0.7485712342701811
1092 1.4910740981728712 0.7585922141205803
1094 1.6629241399993682 0.7432897957675272
1096 1.8458765504695276 0.6949078684924194
1098 2.0319521816547965 0.6059510965622189
1100 2.2089433378135013 0.4711352426378468
1102 2.3610861827843763 0.289980644437184
1104 2.471556396918006 0.06915363600674211
1106 2.5265869804475467 -0.1769156539468822
1108 2.519688140984996 -0.42827524071053935
1110 2.4537586836648906 -0.6641291161561721
1112 2.339855259116268 -0.8678248275558764
1114 2.193436373583648 -1.0298292990240148
1116 2.0301817699328115 -1.1478626675284618
1118 1.8631008359296435 -1.2250300872249664
1120 1.7014018131521524 -1.2673716285125365
1122 1.5506679410697448 -1.2818332760909006
1124 1.4136496505005105 -1.2749979283267507
1126 1.2911629524184995 -1.2524865589375598
1128 1.1828446715938958 -1.2187994308475198
1130 1.0876973351675812 -1.17738900028068
1132 1.0044444327402433 -1.1308257852259427
1134 0.9317437487689811 -1.0809810845248693
1136 0.8683050114502109 -1.029191907418038
1138 0.8129474914803947 -0.9763965656472996
1140 0.7646220766013276 -0.923240491102487
1142 0.7224135740979059 -0.8701562676958334
1144 0.6855328674520442 -0.8174229842227738
1146 0.6533045648182216 -0.7652097018392151
1148 0.6251532967807825 -0.7136070274626437
1150 0.6005903313294876 -0.6626499196119515
1152 0.5792013068866207 -0.6123340920981805
1154 0.5606353962420967 -0.562627768321774
1156 0.5445959516045521 -0.5134800687016201
1158 0.530832549193795 -0.4648269626830389
1160 0.5191342940920952 -0.416595458962327
1162 0.5093242288866988 -0.36870652007244126
1164 0.5012546935150877 -0.3210770518963875
1166 0.494803497594878 -0.2736212208812817
1168 0.4898707842703174 -0.22625128125641236
1170 0.48637648299906877 -0.1788780437482786
1172 0.4842582661476495 -0.13141108060818477
1174 0.4834699401006351 -0.08375873525709741
1176 0.48398021565563665 -0.03582798565327636
1178 0.4857718148839183 0.012475803409867365
1180 0.48884088261396097 0.06124921391542416
1182 0.4931966805414403 0.1105911761975574
1184 0.49886155098748286 0.160603425626389
1186 0.5058711458419964 0.21139100500805805
1188 0.5142749245556767 0.26306280544413335
1190 0.5241369335108457 0.3157321393919022
1192 0.5355368880508717 0.36951733957289784
1194 0.5485715882510696 0.4245423761460628
1196 0.5633567105891997 0.480937482003333
1198 0.5800290304930462 0.5388397718426489
1200 0.5987491458706783 0.5983938343334091
1202 0.6197047898202651 0.6597522674412214
1204 0.643114842557629 0.7230761137885661
1206 0.6692341791146672 0.788535134222825
1208 0.6983595216218156 0.8563078313860785
1210 0.7308365042046254 0.9265810979140788
1212 0.7670682059749782 0.9995493115111793
1214 0.8075254645017438 1.0754126252575993
1216 0.8527593493260721 1.1543740970861178
1218 0.9034162524123848 1.2366351545962313
1220 0.960256137647412 1.3223886818874897
1222 1.0241745782831977 1.411808717870158
1224 1.0962292854446478 1.505035333658829
1226 1.1776718642988082 1.6021526587208152
1228 1.2699854737638037 1.7031571807597294
1230 1.374928813052448 1.8079122591143832
1232 1.4945862396623333 1.9160831481502725
1234 1.6314225346965274 2.027044594693416
1236 1.7883383535837514 2.1397501446194442
1238 1.9687178708947257 2.2525486842532554
1240 2.1764521672940624 2.362929822916297
1242 2.415908438299897 2.4671767138240996
1244 2.6917933330835697 2.5599058567536455
1246 3.008825755240064 2.6334849422921143
1248 3.3710896708968274 2.6773547129424884
1250 3.780889078548721 2.677360836210452
1252 4.236906332262886 2.615355955599888
1254 4.731547859702013 2.4695791349050924
1256 5.247686125777814 2.2166120190360616
1258 5.755725418645225 1.8358239052518392
1260 6.2129719449357 1.3166595914291075
1262 6.567975331380299 0.6673556817679378
1264 6.771351065922135 -0.07897933289349798
1266 6.790631882953074 -0.8662612857556085
1268 6.622077099187814 -1.6275284251084048
1270 6.292177823936279 -2.302619065684434
1272 5.847837802135301 -2.85235379048063
1274 5.3414505124406455 -3.2629650998344917
1276 4.818618275163535 -3.541477126439787
1278 4.312242199685531 -3.7071080299530075
1280 3.842200366326241 -3.783358380095508
1282 3.417978408870805 -3.7928345838887476
1284 3.042005228321472 -3.754761133383173
1286 2.7125181003975927 -3.6843105288135174
1288 2.425612196381881 -3.5928842809989288
1290 2.1765427743324453 -3.4887607353867964
1292 1.9604757827726456 -3.377795704058016
1294 1.7728768845566871 -3.264040059850281
1296 1.6096820650966979 -3.150234545723737
1298 1.4673452524746144 -3.038185764433341
1300 1.3428219239635584 -2.929042964022894
1302 1.2335231533617983 -2.8234978069457775
1304 1.1372592164603492 -2.7219267395565065
1306 1.052182739443049 -2.624491607199601
1308 0.976736147908566 -2.531210339527302
1310 0.9096052969216954 -2.442006372583488
1312 0.8496796531456198 -2.3567430450141793
1314 0.7960186644454744 -2.2752474093861434
1316 0.7478236411615605 -2.197326601223884
1318 0.7044143859006451 -2.1227789824779286
1320 0.6652098324288346 -2.0514016209349326
1322 0.6297120272269425 -1.9829952052893534
1324 0.5974928766845068 -1.9173671706649638
1326 0.5681831722403334 -1.854333580770812
1328 0.54146348742662 -1.7937201518971013
1330 0.517056611929915 -1.7353626904349633
1332 0.49472124806756324 -1.6791071354243985
1334 0.4742467452538566 -1.6248093408926352
1336 0.4554486893294449 -1.572334692530044
1338 0.43816519738420034 -1.5215576247266958
1340 0.4222537961685589 -1.4723610837215977
1342 0.4075887844912013 -1.424635968241593
1344 0.39405899808504924 -1.378280568789274
1346 0.38156591009437424 -1.3332000195207059
1348 0.3700220122415315 -1.2893057715503118
1350 0.3593494314088689 -1.2465150929425022
1352 0.3494787442499095 -1.2047505981622246
1354 0.34034795886915464 -1.1639398080369299
1356 0.33190163786543747 -1.1240147401296603
1358 0.32409014133837005 -1.084911528652843
1360 0.3168689719962742 -1.0465700725713425
1362 0.31019820741751564 -1.0089337102515819
1364 0.30404200692510025 -0.9719489188648652
1366 0.298368182527454 -0.9355650366942204
1368 0.2931478250354271 -0.8997340065029381
1370 0.2883549778439864 -0.8644101381691954
1372 0.2839663520202522 -0.8295498888669749
1374 0.279961077304925 -0.7951116591630405
1376 0.2763204844457503 -0.7610556034947856
1378 0.27302791496628837 -0.7273434535943566
1380 0.2700685550520038 -0.6939383535185075
1382 0.26742929072773436 -0.6608047050365845
1384 0.26509858191972063 -0.6279080222176454
1386 0.26306635335433004 -0.5952147941320626
1388 0.26132390055467997 -0.5626923546605033
1390 0.25986380946353543 -0.5303087584646232
1392 0.2586798884539342 -0.4980326622310688
1394 0.2577671116933449 -0.4658332103514073
1396 0.2571215730081032 -0.4336799242411271
1398 0.2567404495568746 -0.40154259453746644
1400 0.2566219747687875 -0.3693911754420528
1402 0.25676542013653136 -0.3371956804971123
1404 0.2571710855804598 -0.30492607909763225
1406 0.2578402982194402 -0.2725521930505252
1408 0.2587754194998298 -0.24004359249159798
1410 0.2599798607481692 -0.20736949046730568
1412 0.26145810732863123 -0.17449863547497693
1414 0.26321575170440276 -0.14139920123749244
1416 0.26525953582696027 -0.1080386729599069
1418 0.26759740340914484 -0.07438372928408801
1420 0.2702385627818925 -0.040400119116353356
1422 0.27319356119262156 -0.006052532450025665
1424 0.27647437157852844 0.028695535748853942
1426 0.28009449304614464 0.06388192959581443
1428 0.284069066512268 0.09954598535992895
1430 0.28841500721823005 0.1357286947220853
1432 0.29315115612370046 0.1724728794850823
1434 0.2982984525280091 0.20982337911329058
1436 0.30388013066317493 0.24782725260321334
1438 0.3099219434666906 0.2865339963224256
1440 0.31645241728481444 0.3259957796047391
1442 0.32350314189657975 0.36626770005103193
1444 0.33110910100314195 0.4074080606601453
1446 0.3393090492215297 0.44947867110237205
1448 0.3481459426828436 0.49254517563543954
1450 0.3576674316021454 0.5366774103678548
1452 0.36792642469849274 0.5819497927581172
1454 0.378981737158853 0.6284417464245288
1456 0.39089883601851694 0.6762381644821903
1458 0.4037506994609055 0.7254299147221118
1460 0.4176188097188743 0.776114389957623
1462 0.43259430311352054 0.8283961067357841
1464 0.4487793054583119 0.8823873553007507
1466 0.4662884867728754 0.9382089030816426
1468 0.48525087624704 0.9959907529542614
1470 0.505811986972977 1.0558729559003408
1472 0.5281363105101897 1.1180064752008592
1474 0.5524102543490459 1.1825540956064655
1476 0.5788456113986797 1.2496913655031257
1478 0.6076836705037391 1.3196075522288795
1480 0.63920010164233 1.3925065793914
1482 0.6737107800450349 1.4686078988356661
1484 0.7115787514530072 1.5481472267929806
1486 0.7532225878547835 1.6313770407837527
1488 0.7991264413939501 1.718566686889129
1490 0.8498521761246712 1.8100018800773294
1492 0.9060540455014393 1.9059832847592038
1494 0.9684964904442318 2.0068237262695288
1496 1.038075760305518 2.1128433885886
1498 1.1158462068922692 2.2243620734287077
1500 1.2030522653039188 2.341687193416735
1502 1.3011673012728964 2.4650955936233623
1504 1.411940642483706 2.5948064641679554
1506 1.537454158920468 2.7309414134976744
1508 1.6801895950040953 2.8734660673218744
1510 1.8431072618142421 3.0221051432067085
1512 2.0297352687082153 3.176219580035
1514 2.2442654985989643 3.3346297157014626
1516 2.491646783303501 3.4953625428034223
1518 2.777655167359703 3.6552939502698845
1520 3.1089025067687697 3.80964984115578
1522 3.492713175678588 3.9513268055062056
1524 3.936748479369567 4.070002463608015
1526 4.448185235882566 4.151046228911726
1528 5.032165012442206 4.174347264804451
1530 5.689161552598023 4.113399893546633
1532 6.41097552825401 3.9353785136174677
1534 7.175483782556815 3.603463376981541
1536 7.941351538171226 3.08304417570717
1538 8.645722707135425 2.352830869627177
1540 9.209471956633408 1.4192442526866602
1542 9.55337990069932 0.327823528873586
1544 9.622276055412298 -0.8376830065808485
1546 9.405670073754488 -1.973559969311885
1548 8.94182268764234 -2.984911648967176
1550 8.302487866349432 -3.8095254014925666
1552 7.568593761696194 -4.42557411231762
1554 6.810221168915019 -4.844109049494689
1556 6.077243798645772 -5.0950375778562735
1558 5.399138025846005 -5.214460744284606
1560 4.789424793923149 -5.236636440822262
1562 4.25104059364129 -5.190308169520658
1564 3.780810188818206 -5.097871189046592
1566 3.372559165416991 -4.975952088570869
1568 3.0190379707484833 -4.836486298902317
1570 2.7129976343994793 -4.687825410426692
1572 2.447725253554122 -4.53568574971992
1574 2.217262176523031 -4.3838930463390104
1576 2.016448910281538 -4.234939258886202
1578 1.8408833294847822 -4.090387033463145
1580 1.6868414092799073 -3.9511582711802324
1582 1.551186986217607 -3.8177376902926463
1584 1.431283868610684 -3.690315358311282
1586 1.3249162658953764 -3.568885963660751
1588 1.230219576003604 -3.4533176528660836
1590 1.1456215835722316 -3.34339954887939
1592 1.0697932084321207 -3.2388743718674013
1594 1.0016076025302234 -3.1394606642735408
1596 0.9401063430359724 -3.0448677693458195
1598 0.8844715555014544 -2.95480576479166
1600 0.8340029412777057 -2.8689918913065333
1602 0.78809883576403 -2.7871545536190423
1604 0.7462405683832152 -2.7090356489014114
1606 0.7079795230716475 -2.634391751580975
1608 0.6729264072624433 -2.562994525328784
1610 0.6407423284839524 -2.494630621870148
1612 0.6111313526974075 -2.429101248062998
1614 0.5838342796852442 -2.366221527591276
1616 0.5586234204356066 -2.3058197447365543
1618 0.53529820161555 -2.247736530242747
1620 0.5136814546478777 -2.1918240299197156
1622 0.4936162730847458 -2.1379450829738786
1624 0.47496334312044586 -2.0859724274579228
1626 0.4575986691939664 -2.0357879435172626
1628 0.4414116304912581 -1.9872819404381203
1630 0.4263033154127575 -1.9403524902970049
1632 0.41218509022758815 -1.8949048088298428
1634 0.3989773656066681 -1.8508506826986484
1636 0.38660853083595054 -1.8081079414074748
1638 0.3750140305199608 -1.7665999715563712
1640 0.3641355627059202 -1.7262552708175103
1642 0.3539203807541055 -1.6870070388816
1644 0.3443206840881298 -1.64879280260915
1646 0.3352930852868721 -1.6115540726842883
1648 0.3267981429147896 -1.5752360291824927
1650 0.3187999511004617 -1.5397872336047198
1652 0.31126577822189794 -1.5051593650923976
1654 0.3041657481862119 -1.4713069786976718
1656 0.2974725587414409 -1.4381872837513707
1658 0.291161232057892 -1.4057599405302548
1660 0.2852088934908702 -1.3739868735732914
1662 0.2795945750097341 -1.34283210014542
1664 0.274299040262382 -1.3122615724761988
1666 0.26930462865759613 -1.2822430325255714
1668 0.2645951161993221 -1.2527458781417138
1670 0.2601555911080909 -1.2237410395796944
1672 0.2559723425223168 -1.1952008654440867
1674 0.25203276079338727 -1.1670990172034326
1676 0.248325248079169 -1.1394103715040589
1678 0.24483913810437158 -1.1121109295789058
1680 0.24156462409857885 -1.0851777331126966
1682 0.2384926940453129 -1.058588785980495
1684 0.23561507248269004 -1.0323229813299715
1686 0.232924168188831 -1.0063600335231024
1688 0.23041302716646278 -0.980680414495844
1690 0.22807529041199312 -0.9552652941315208
1692 0.22590515601657568 -0.9300964842782513
1694 0.22389734520129748 -0.9051563860709537
1696 0.22204707193688097 -0.8804279402451755
1698 0.22035001584103148 -0.8558945801558038
1700 0.2188022980842892 -0.831540187234451
1702 0.21740046006923722 -0.8073490486394279
1704 0.2161414446780445 -0.7833058168697549
1706 0.2150225799105544 -0.7593954711293951
1708 0.21404156475985112 -0.7356032802427722
1710 0.21319645719470662 -0.7119147669335354
1712 0.21248566413877523 -0.6883156732893736
1714 0.2119079333556892 -0.6647919272456807
1716 0.21146234716691586 -0.6413296099268662
1718 0.21114831794601024 -0.6179149236931306
1720 0.21096558534900997 -0.5945341607429964
1722 0.2109142152562055 -0.5711736721297374
1724 0.2109946004155554 -0.54781983704971
1726 0.21120746279315045 -0.5244590322655599
1728 0.2115538576510708 -0.5010776015274689
1730 0.2120351793882782 -0.47766182485571657
1732 0.21265316919604643 -0.45419788754875856
1734 0.21340992459571553 -0.43067184877783354
1736 0.21430791094396004 -0.407069609628246
1738 0.21534997500917225 -0.3833768804432988
1740 0.21653936074237168 -0.3595791473231694
1742 0.21787972738757053 -0.33566163762597556
1744 0.21937517010005156 -0.3116092843113728
1746 0.22103024326674398 -0.28740668896096194
1748 0.22284998675160758 -0.2630380833009228
1750 0.22483995532060042 -0.23848728904357622
1752 0.22700625153633816 -0.2137376758539257
1754 0.22935556245239977 -0.18877211723594947
1756 0.23189520048198306 -0.16357294412110737
1758 0.23463314886615835 -0.1381218959276453
1760 0.2375781122243611 -0.11240006884418954
1762 0.24073957273452357 -0.08638786107599442
1764 0.24412785256456287 -0.06006491477410146
1766 0.2477541832609327 -0.03341005435059463
1768 0.2516307828966909 -0.0064012208636594565
1770 0.2557709418918836 0.020984597863158327
1772 0.2601891185458614 0.048771441742894286
1774 0.2649010454669674 0.07698445792333107
1776 0.2699238482530955 0.10564998567541711
1778 0.27527617797047343 0.13479564708356548
1780 0.2809783592025872 0.16445044396474245
1782 0.2870525557005668 0.19464486145164894
1784 0.29352295596857403 0.2254109786835027
1786 0.3004159814681039 0.2567825870406836
1788 0.30776052053386904 0.288795316345165
1790 0.3155881915706239 0.32148676941511994
1792 0.32393363965787314 0.3548966653076528
1794 0.33283487134182826 0.3890669914980931
1796 0.3423336331595751 0.4240421651191546
1798 0.352475840340353 0.4598692032063723
1800 0.36331206318623926 0.4965979016451815
1802 0.37489807988267265 0.5342810221760611
1804 0.38729550596104334 0.5729744863516345
1806 0.4005725123742767 0.6127375747132096
1808 0.4148046462048319 0.6536331286251107
1810 0.43007577045889905 0.6957277510888894
1812 0.44647914228822466 0.7390920013906279
1814 0.46411865239887995 0.7838005764749147
1816 0.4831102524599273 0.8299324693605223
1818 0.5035836021215008 0.8775710914935184
1820 0.5256839729259233 0.9268043414248724
1822 0.5495744530851896 0.9777245962333605
1824 0.5754385049661408 1.0304285942384106
1826 0.6034829363180577 1.085017167116185
1828 0.6339413569492184 1.1415947657296428
1830 0.6670782048047671 1.2002687056879446
1832 0.7031934392290957 1.2611480343752028
1834 0.742628014452956 1.3243418889596439
1836 0.7857702625593541 1.389957172065669
1838 0.8330633313676968 1.458095314855592
1840 0.8850138369992024 1.5288478216034356
1842 0.9422019001023288 1.6022901893559536
1844 1.0052927333774124 1.6784736631205923
1846 1.0750499271330964 1.7574141111657724
1848 1.1523505246198409 1.8390770741195182
1850 1.2382018667064059 1.9233577410378413
1852 1.3337599798922077 2.0100542197506956
1854 1.4403489267205303 2.098831983495437
1856 1.559479948410111 2.189176785098097
1858 1.692868279549946 2.2803326487072884
1860 1.8424440216337394 2.371220838142636
1862 2.010351174243904 2.460335111857882
1864 2.1989255168072654 2.5456084272261332
1866 2.4106371493889656 2.6242471648774686
1868 2.6479768595824917 2.6925319995639887
1870 2.9132571882894167 2.7455915505855755
1872 3.208290241071106 2.7771686035472163
1874 3.533898230199222 2.779422469606729
1876 3.88921666871469 2.742848061097981
1878 4.270777116135778 2.656442069811752
1880 4.671425218635315 2.5082984993168203
1882 5.079258375459415 2.2868385934624533
1884 5.476952165970346 1.9828149924625658
1886 5.842024472077993 1.59200317715423
1888 6.148611936937993 1.1180766071082437
1890 6.371006849416478 0.5746786437038954
1892 6.488449562512967 -0.014509044186914151
1894 6.489777683463487 -0.6184541591888477
1896 6.376139476907012 -1.2038298738868405
1898 6.160592873320812 -1.740831229108508
1900 5.864796245882736 -2.2077282085901473
1902 5.514231529417631 -2.5928472224555548
1904 5.133708171040654 -2.8939496424967346
1906 4.744301304200204 -3.115938511372604
1908 4.3619901333839355 -3.268055729996361
1910 3.9976352603656684 -3.3614124742373366
1912 3.657725275346834 -3.407223404676383
1914 3.345403401261339 -3.415759630139509
1916 3.0614668189838063 -3.3958634052628147
1918 2.805195774776787 -3.354831770254379
1920 2.574976798481409 -3.2985075673182394
1922 2.3687387970916225 -3.231465728624697
1924 2.1842404619697713 -3.157226855793564
1926 2.0192487791391134 -3.0784618553395884
1928 1.8716422167414812 -2.997171435373738
1930 1.7394641339712935 -2.9148356682009524
1932 1.6209446445194018 -2.832534632734094
1934 1.5145033815635518 -2.7510436663088136
1936 1.4187413707162801 -2.670907486451256
1938 1.332427257087725 -2.5924972974467315
1940 1.2544811357447925 -2.516054483379898
1942 1.1839579231545425 -2.441723874656691
1944 1.1200313652611993 -2.3695789855790106
1946 1.0619792496364473 -2.2996411076435006
1948 1.009170066278901 -2.2318937199556066
1950 0.9610511708242717 -2.166293339773942
1952 0.9171383966565301 -2.1027776711737958
1954 0.8770070069633258 -2.0412717049274924
1956 0.8402838537997586 -1.9816922656923746
1958 0.8066406057264371 -1.9239513829355557
1960 0.7757879104378512 -1.867958771129326
1962 0.7474703689877882 -1.813623635849432
1964 0.7214622107040527 -1.7608559702039008
1966 0.6975635709021619 -1.709567466475475
1968 0.675597286060555 -1.659672137889753
1970 0.6554061327004032 -1.6110867226775965
1972 0.6368504466090166 -1.5637309253334633
1974 0.6198060682013213 -1.5175275368342631
1976 0.6041625677853955 -1.4724024655842993
1978 0.5898217113720992 -1.428284703226911
1980 0.5766961335665309 -1.3851062436445778
1982 0.5647081891176278 -1.342801969024761
1984 0.5537889589973255 -1.3013095134726753
1986 0.5438773905370273 -1.2605691120535927
1988 0.5349195542634032 -1.2205234411681296
1990 0.5268680027273305 -1.1811174546481487
1992 0.5196812188847247 -1.142298218812128
1994 0.5133231435253268 -1.1040147488487575
1996 0.5077627729093815 -1.0662178482409597
1998 0.502973819208493 -1.028859952461866
2000 0.49893442759267587 -0.9918949778174624
2002 0.4956269448960536 -0.9552781760679808
2004 0.4930377357552816 -0.9189659952964829
2006 0.49115704297298285 -0.8829159474061992
2008 0.48997888963435315 -0.8470864825961082
2010 0.4895010212172841 -0.8114368711919739
2012 0.48972488660032376 -0.7759270932879333
2014 0.49065565750572604 -0.7405177367806677
2016 0.4923022865269215 -0.7051699045643436
2018 0.49467760449564774 -0.669845131895579
2020 0.4977984585553312 -0.6345053152521402
2022 0.5016858929321614 -0.5991126544017278
2024 0.5063653750483985 -0.5636296098861973
2026 0.5118670703072818 -0.5280188787408081
2028 0.5182261696111089 -0.49224339201485695
2030 0.5254832744529501 -0.4562663386009228
2032 0.5336848452596138 -0.4200512210297468
2034 0.5428837195567825 -0.3835619503209707
2036 0.5531397074746459 -0.3467629887520369
2038 0.564520273103665 -0.30961955160695837
2040 0.5771013112231006 -0.2720978816960005
2042 0.5909680299223622 -0.23416561382603446
2044 0.6062159505540106 -0.19579225061422634
2046 0.6229520372044886 -0.1569497762642582
2048 0.6412959682942897 -0.11761344141933255
2050 0.6613815628122718 -0.07776276025512739
2052 0.6833583727285194 -0.037382770942116283
2054 0.7073934508625384 0.0035343770931123637
2056 0.733673299248952 0.04498743055325391
2058 0.7624059959109162 0.08696353725724476
2060 0.7938234866032386 0.12943512925164385
2062 0.8281840106809413 0.1723560376477528
2064 0.8657746042295719 0.21565666096995026
2066 0.9069135854572881 0.2592379720142115
2068 0.9519528723363755 0.30296410704209625
2070 1.0012799042870166 0.34665323738984455
2072 1.0553188300659693 0.3900663811158494
2074 1.1145304726088734 0.4328937784608715
2076 1.1794103759306944 0.4747384423906898
2078 1.250483965597662 0.515096525447221
2080 1.3282974998697374 0.5533342500318011
2082 1.4134030460097944 0.5886613820279194
2084 1.5063351925876942 0.6201016613898683
2086 1.6075766411760515 0.6464613395702813
2088 1.7175093025595298 0.6662981407958036
2090 1.836347239280125 0.6778947033551467
2092 1.964048074372896 0.6792429811032618
2094 2.1002008384197586 0.6680491905751491
2096 2.2438913647873955 0.6417723970065901
2098 2.3935520859049104 0.5977129537398295
2100 2.5468120617031653 0.5331681723650779
2102 2.700375102153646 0.4456693036010896
2104 2.849966968895381 0.3333030255170809
2106 2.9904021183775265 0.19509964373186128
2108 3.1158186067732294 0.03143962456762843
2110 3.220108071792724 -0.15560347560204582
2112 3.2975219706535204 -0.3620879379376893
2114 3.3433727009211562 -0.5822936480587659
2116 3.354691030630586 -0.809124561091011
2118 3.3306800079847165 -1.0347873606725908
2120 3.272841603013257 -1.251620397781183
2122 3.18473981417281 -1.4528938327124754
2124 3.071467419048361 -1.6334122967504408
2126 2.9389577392964084 -1.7898198727473538
2128 2.7933002293809874 -1.920599386469735
2130 2.640183166919023 -2.025833664199747
2132 2.4845247062263693 -2.106832188567458
2134 2.3302945100092107 -2.165722829992159
2136 2.180489761473017 -2.2050806105520637
2138 2.037214590225022 -2.227631632422164
2140 1.9018145610100863 -2.2360423134757794
2142 1.7750291868924513 -2.2327863531033514
2144 1.6571385819949218 -2.2200736518956
2146 1.5480915646062643 -2.199823814265069
2148 1.4476104659800009 -2.1736688601295233
2150 1.3552727520994707 -2.142973142496992
2152 1.270572064194499 -2.108861908695812
2154 1.1929622352732354 -2.0722528519119576
2156 1.1218878977545546 -2.0338872052093424
2158 1.056804912961669 -1.99435847811012
2160 0.9971933043056082 -1.9541379546837576
2162 0.9425648148138408 -1.9135967020386624
2164 0.8924667085027337 -1.8730241999598713
2166 0.8464830196616485 -1.8326438890312873
2168 0.8042341257281215 -1.7926260122867483
2170 0.7653752682412482 -1.753098139178257
2172 0.729594458883161 -1.7141537396209083
2174 0.696610070343358 -1.6758591381984118
2176 0.6661683128377518 -1.6382591350958182
2178 0.6380407268720845 -1.6013815370193052
2180 0.6120217736515997 -1.5652408013873749
2182 0.5879265705949598 -1.5298409617746362
2184 0.565588796383037 -1.4951779722978207
2186 0.5448587746749778 -1.461241583143234
2188 0.525601735745177 -1.4280168382780507
2190 0.5076962491684426 -1.3954852689958646
2192 0.4910328171279809 -1.3636258427557673
2194 0.4755126160982221 -1.3324157152481682
2196 0.46104637397720866 -1.3018308242961951
2198 0.44755336980132177 -1.2718463566760154
2200 0.43496054368712833 -1.2424371128763358
2202 0.42320170541770485 -1.213577789935341
2204 0.4122168309983607 -1.1852431985703646
2206 0.40195143745909795 -1.1574084276535015
2208 0.3923560271310314 -1.1300489665500368
2210 0.38338559353143725 -1.103140793789042
2212 0.37499918184244374 -1.076660438890919
2214 0.3671594977510019 -1.0505850228501878
2216 0.359832559128091 -1.024892281702635
2218 0.35298738566544935 -0.9995605767425062
2220 0.3465957221613678 -0.9745688942597305
2222 0.3406317916568172 -0.9498968371042225
2224 0.3350720750753365 -0.9255246099278737
2226 0.3298951144206024 -0.9014329995883757
2228 0.3250813369383765 -0.8776033518995932
2230 0.32061289796078823 -0.8540175456717762
2232 0.3164735404252287 -0.8306579647895018
2234 0.31264846930148726 -0.8075074689164276
2236 0.3091242393731845 -0.7845493632868754
2238 0.3058886550069867 -0.7617673679403841
2240 0.30293068070807105 -0.739145586670683
2242 0.30024036140589067 -0.7166684758906549
2244 0.297808751543526 -0.694320813561707
2246 0.29562785215734466 -0.6720876682876995
2248 0.29369055523566734 -0.6499543686395439
2250 0.2919905947347473 -0.6279064727449412
2252 0.2905225037113545 -0.6059297381549679
2254 0.28928157710326086 -0.5840100919786457
2256 0.28826383975428876 -0.5621336012611841
2258 0.28746601933944727 -0.5402864435682911
2260 0.28688552389986327 -0.5184548777287403
2262 0.28652042374651887 -0.4966252146778188
2264 0.2863694375380269 -0.4747837883380091
2266 0.28643192238070775 -0.45291692646646375
2268 0.28670786784007285 -0.4310109213944078
2270 0.2871978937921155 -0.40905200057856667
2272 0.2879032520807398 -0.3870262968822547
2274 0.28882583198537387 -0.3649198184989845
2276 0.28996816954009635 -0.342718418430869
2278 0.29133346078374367 -0.3204077634297929
2280 0.29292557905943606 -0.29797330230881586
2282 0.2947490965223752 -0.2754002335298636
2284 0.29680931005790534 -0.2526734719718684
2286 0.2991122718568658 -0.2297776147843813
2288 0.30166482494476055 -0.20669690623151968
2290 0.30447464401410834 -0.18341520143281007
2292 0.30755028196783535 -0.15991592890961692
2294 0.31090122264552794 -0.13618205185061705
2296 0.31453794027560855 -0.11219602801565684
2298 0.3184719662757333 -0.08793976820523738
2300 0.3227159641122307 -0.0633945932352922
2302 0.3272838130291688 -0.03854118937198631
2304 0.33219070156972325 -0.013359562201503939
2306 0.3374532319392737 0.012171011063563204
2308 0.3430895364034516 0.0380720308053666
2310 0.34911940707730726 0.06436582567058528
2312 0.3555644406471305 0.09107560455357501
2314 0.36244819977791776 0.1182255096884231
2316 0.36979639320010516 0.14584067055543234
2318 0.3776370767446356 0.1739472581970448
2320 0.38600087790974846 0.20257253939723838
2322 0.3949212469027337 0.23174493000339963
2324 0.40443473751195785 0.2614940464489434
2326 0.41458132163561473 0.29185075426094426
2328 0.4254047418338152 0.322847211992167
2330 0.43695290688890503 0.3545169085890402
2332 0.4492783360652963 0.3868946916694408
2334 0.4624386585686473 0.42001678351529653
2336 0.4764971756254933 0.45392078074774
2338 0.49152349365331294 0.4886456326053236
2340 0.5075942381820259 0.5242315914398707
2342 0.5247938595306616 0.5607201274027318
2344 0.5432155427546234 0.5981537972480676
2346 0.5629622360598319 0.6365760546058582
2348 0.5841478137360594 0.6760309858567295
2350 0.6068983916774479 0.7165629516951424
2352 0.6313538157039293 0.7582161093901733
2354 0.6576693451130246 0.8010337843723347
2356 0.6860175560752676 0.8450576517637612
2358 0.7165904914625496 0.8903266783967836
2360 0.7496020852104023 0.9368757632260145
2362 0.7852908899423707 0.9847339981756204
2364 0.8239231357222679 1.033922451598252
2366 0.8657961445330108 1.084451351704709
2368 0.9112421180740192 1.1363165164323266
2370 0.960632303785847 1.1894948379753765
2372 1.0143815228616444 1.2439385832024812
2374 1.0729530104120795 1.2995682140324634
2376 1.1368634662985995 1.3562633633659498
2378 1.2066881375865535 1.4138515218722474
2380 1.283065639283671 1.4720938997510657
2382 1.3667020543746011 1.5306678292047884
2384 1.458373617769036 1.5891449763022838
2386 1.5589269569181625 1.6469645519798366
2388 1.6692754045144316 1.7034006812809939
2390 1.7903892825793706 1.7575231587804172
2392 1.9232772515145566 1.808151069215849
2394 2.068954806791469 1.853799313450543
2396 2.2283948146765313 1.892619138401724
2398 2.4024537164091018 1.9223355827105404
2400 2.5917659641642374 1.9401876374566196
2402 2.796598909744686 1.9428812151729307
2404 3.016661663459093 1.9265709282350945
2406 3.2508657789305078 1.8868939985834992
2408 3.497044843056488 1.8190872600510932
2410 3.751656017151662 1.718223516239126
2412 4.009510030685237 1.5796016525602306
2414 4.263604640234155 1.3993089716513527
2416 4.5051618650063645 1.174937215404709
2418 4.723975716596967 0.9063734861792232
2420 4.909144414774484 0.5965139738819205
2422 5.050175091598074 0.25169033504197413
2424 5.13831883747454 -0.1184024043056096
2426 5.167864280281062 -0.5013978103244763
2428 5.137058368679481 -0.883517468444435
2430 5.048388103341274 -1.251151100449731
2432 4.908139347526822 -1.592390344409317
2434 4.725370002969657 -1.898168560018999
2436 4.510591174220224 -2.162806634606365
2438 4.274480119022626 -2.383961104073688
2440 4.026865402266271 -2.562125252751799
2442 3.776090696560747 -2.6998980873335614
2444 3.528744008872702 -2.8012170833432113
2446 3.2896681649396 -2.870686550574037
2448 3.0621474478725927 -2.9130632083204615
2450 2.8481775764078967 -2.9329070182358787
2452 2.6487525122033517 -2.934374636722849
2454 2.464128467294189 -2.921121131931526
2456 2.2940465476277003 -2.8962757990450827
2458 2.1379093222523493 -2.86246375064178
2460 1.9949143507536138 -2.821852334684716
2462 1.8641511703698912 -2.776208192162407
2464 1.7446691217979076 -2.7269560973828604
2466 1.6355229120824721 -2.6752345453098125
2468 1.5358017589010302 -2.6219455966288967
2470 1.4446467763788675 -2.5677980794399424
2472 1.3612601670238043 -2.5133441682613977
2474 1.2849088635290997 -2.4590098461729646
2476 1.214924533593352 -2.405119969969119
2478 1.1507013031724012 -2.3519187133120636
2480 1.0916921394923822 -2.2995861314537
2482 1.0374045342172804 -2.2482515178569837
2484 0.9873959122285924 -2.198004134323676
2486 0.941269040320911 -2.14890180669239
2488 0.8986676053583101 -2.1009777952620943
2490 0.8592720599416668 -2.0542462760306677
2492 0.822795785694558 -2.0087067064362154
2494 0.788981592816103 -1.964347297088233
2496 0.757598554512569 -1.9211477679499585
2498 0.7284391626901545 -1.8790815323180245
2500 0.7013167843456505 -1.8381174235062434
2502 0.6760633946480992 -1.7982210562167877
2504 0.6525275615427553 -1.7593558961769187
2506 0.6305726569845459 -1.7214840968756886
2508 0.610075271048904 -1.6845671504428947
2510 0.5909238067913879 -1.648566390289293
2512 0.5730172355801101 -1.613443375601692
2514 0.5562639945422257 -1.5791601817733552
2516 0.5405810096476554 -1.5456796160477009
2518 0.5258928297368822 -1.512965373812309
2520 0.5121308584544303 -1.4809821479091478
2522 0.4992326725597221 -1.4496957008682558
2524 0.48714141644812176 -1.4190729080012154
2526 0.4758052639347501 -1.389081777711959
2528 0.46517693943601945 -1.3596914541148168
2530 0.45521329164288704 -1.3308722060311555
2532 0.4458749136247225 -1.3025954056184275
2534 0.43712580404655754 -1.2748334992278312
2536 0.42893306483460175 -1.24755997255689
2538 0.4212666311978374 -1.2207493117381853
2540 0.41409903041483975 -1.1943769616625652
2542 0.4074051662344676 -1.1684192825593058
2544 0.40116212612407487 -1.142853505634337
2546 0.39534900893651215 -1.117657688389459
2548 0.38994677086298046 -1.0928106701019369
2550 0.38493808779891064 -1.0682920278308279
2552 0.38030723247848525 -1.0440820332235359
2554 0.37603996493438413 -1.0201616103239137
2556 0.37212343501722084 -0.9965122945262708
2558 0.368546095865548 -0.9731161927736849
2560 0.36529762735690013 -0.9499559450647821
2562 0.3623688686935092 -0.9270146873050471
2564 0.3597517593870659 -0.9042760155200994
2566 0.3574392880056166 -0.8817239514332826
2568 0.35542544813470517 -0.8593429094001674
2570 0.35370520108548603 -0.8371176646865583
2572 0.35227444495610183 -0.8150333230753979
2574 0.35112998971973924 -0.7930752917871392
2576 0.35026953807561617 -0.7712292517031167
2578 0.3496916718567796 -0.74948113088601
2580 0.34939584384421174 -0.7278170794019838
2582 0.34938237488847207 -0.7062234454573475
2584 0.3496524562910729 -0.6846867528797657
2586 0.3502081574466669 -0.6631936799871789
2588 0.35105243879585674 -0.6417310399097034
2590 0.35218917018693985 -0.6202857624514585
2592 0.3536231547936816 -0.5988448776071035
2594 0.35536015878611626 -0.5773955008789361
2596 0.35740694700276815 -0.555924820578306
2598 0.359771324925583 -0.5344200873370882
2600 0.3624621873145514 -0.5128686061068076
2602 0.3654895739171716 -0.49125773098074876
2604 0.3688647327288515 -0.46957486324503067
2606 0.37260019134522104 -0.4478074531445047
2608 0.37670983701522304 -0.42594300594483475
2610 0.38120900607545816 -0.40396909298482897
2612 0.3861145835215524 -0.3818733685428057
2614 0.3914451135503596 -0.35964359349689495
2616 0.39722092198792935 -0.3372676669402542
2618 0.4034642515997306 -0.31473366712734635
2620 0.4101994113623428 -0.29202990337891616
2622 0.4174529408541085 -0.2691449808725191
2624 0.4252537909959669 -0.24606788059554596
2626 0.43363352243557113 -0.22278805715143954
2628 0.44262652291204446 -0.19929555759858694
2630 0.4522702449574225 -0.1755811650741996
2632 0.46260546527032653 -0.15163657163237299
2634 0.47367656702289207 -0.12745458551923267
2636 0.48553184621300177 -0.10302937904071806
2638 0.49822384292080957 -0.07835678426845287
2640 0.5118096979379335 -0.05343464510478777
2642 0.5263515346602178 -0.028263235708367255
2644 0.5419168653111881 -0.002845756998639021
2646 0.5585790194135359 0.022811075067757067
2648 0.5764175908506316 0.04869633350053554
2650 0.5955188977279874 0.07479405805874173
2652 0.6159764463959793 0.10108228546763486
2654 0.6378913872209467 0.1275319076015882
2656 0.6613729447387968 0.15410532982752773
2658 0.6865387983769268 0.18075489825995647
2660 0.713515381605965 0.20742106132324434
2662 0.7424380567244642 0.2340302280564585
2664 0.7734511089668724 0.260492283512048
2666 0.8067074866652447 0.2866977210968652
2668 0.8423681931799167 0.31251435381386355
2670 0.8806012106612531 0.33778357253967667
2672 0.9215798049825435 0.3623161317241632
2674 0.965480025296273 0.38588746393007056
2676 1.012477171147127 0.40823255798881747
2678 1.0627409565296557 0.42904048570761977
2680 1.1164290570247302 0.44794873443794164
2682 1.1736786890696786 0.4645376035145187
2684 1.2345958490733506 0.4783250578069447
2686 1.2992418489505446 0.4887626064182814
2688 1.3676168443403922 0.49523299057630515
2690 1.43964018973507 0.4970507167287585
2692 1.515127704619817 0.49346674154459974
2694 1.593766333114809 0.4836788691807653
2696 1.6750872584378762 0.46684959641627766
2698 1.7584393062330366 0.4421331456507831
2700 1.8429654113330753 0.40871313629844913
2702 1.9275859381661489 0.3658516210446439
2704 2.01099354996126 0.312948928846326
2706 2.0916648243547886 0.24961185775359007
2708 2.1678935369795105 0.17572534451952881
2710 2.237849098454665 0.09152013083258112
2712 2.2996607918641554 -0.0023732595053216534
2714 2.351524303906127 -0.10489492398666844
2716 2.391822149821072 -0.21456006112960285
2718 2.4192450487067476 -0.3295037457505118
2720 2.43289849829299 -0.4475664500657534
2722 2.432378954497165 -0.566413731498189
2724 2.417807662521776 -0.6836769290546694
2726 2.3898167595874242 -0.7970974380194827
2728 2.349490203573992 -0.9046564617966251
2730 2.2982693124753357 -1.0046752639057241
2732 2.237837432361901 -1.0958768771825824
2734 2.16999958924524 -1.1774072298614144
2736 2.0965711244059153 -1.2488199123561359
2738 2.019285305341837 -1.310033069179418
2740 1.9397251111742284 -1.3612687117923368
2742 1.8592800046640388 -1.4029843980040793
2744 1.7791252551151235 -1.4358054259615267
2746 1.7002194974864577 -1.4604632477277473
2748 1.6233155574296487 -1.4777433703608065
2750 1.5489798017684266 -1.4884439830914438
2752 1.4776160163553813 -1.4933450908954178
2754 1.4094907568183486 -1.4931870395962452
2756 1.344758049054076 -1.4886568845177872
2758 1.2834821168631099 -1.4803809515740771
2760 1.2256574377822533 -1.4689220422423699
2762 1.1712258751455364 -1.4547799435707118
2764 1.1200909290951409 -1.4383941523897574
2766 1.0721293248129689 -1.4201479666006518
2768 1.0272002454483269 -1.4003733130428342
2770 0.9851525480732775 -1.3793558617470376
2772 0.9458302953161933 -1.3573401193079317
2774 0.9090769089070442 -1.3345343030279238
2776 0.8747382150300352 -1.3111148776511603
2778 0.8426646120418169 -1.2872306935697702
2780 0.8127125529275567 -1.2630067045930968
2782 0.7847455000502308 -1.23854726920595
2784 0.7586344792959556 -1.2139390553478842
2786 0.7342583348391781 -1.1892535779539635
2788 0.7115037642367926 -1.1645494029603762
2790 0.6902651959705334 -1.1398740527769602
2792 0.6704445573671755 -1.1152656475057554
2794 0.6519509695098591 -1.0907543142474003
2796 0.6347003968091326 -1.0663633942348165
2798 0.6186152718983953 -1.042110474646633
2800 0.6036241110703576 -1.018008269013298
2802 0.5896611312700949 -0.994065367295568
2804 0.5766658764414615 -0.9702868740666899
2806 0.564582858580492 -0.9466749508180325
2808 0.5533612170081231 -0.9232292762410462
2810 0.5429543980052164 -0.899947436423439
2812 0.533319855943109 -0.876825255213857
2814 0.5244187763142316 -0.8538570735462915
2816 0.516215820549863 -0.8310359852465633
2818 0.5086788921569544 -0.8083540357511714
2820 0.5017789234740201 -0.7858023892322555
2822 0.4954896822039099 -0.7633714688174942
2824 0.48978759680941647 -0.741051073911752
2826 0.48465159983495926 -0.7188304780423164
2828 0.4800629882321865 -0.6966985101559781
2830 0.47600529980812 -0.674643621875334
2832 0.4724642049748293 -0.6526539428690192
2834 0.4694274130523553 -0.6307173261918719
2836 0.46688459245926733 -0.608821385201019
2838 0.4648273042135586 -0.586953523447657
2840 0.4632489482595346 -0.5651009587724778
2842 0.4621447222319401 -0.5432507426943111
2844 0.4615115923662408 -0.5213897760725301
2846 0.4613482763639664 -0.49950482193845624
2848 0.4616552381229699 -0.47758251633175797
2850 0.46243469434597584 -0.4556093779398161
2852 0.46369063314629744 -0.43357181732095323
2854 0.4654288448781221 -0.4114561464980193
2856 0.4676569655301205 -0.38924858973489995
2858 0.47038453313746675 -0.3669352963574503
2860 0.4736230577870098 -0.34450235655437644
2862 0.47738610591591796 -0.321935821192445
2864 0.4816893997353143 -0.2992217268114791
2866 0.48655093274634553 -0.2763461271276351
2868 0.49199110245906574 -0.2532951325762667
2870 0.498032861571561 -0.23005495967393286
2872 0.5047018890184117 -0.20661199228020094
2874 0.5120267824509094 -0.18295285720360033
2876 0.5200392738646689 -0.15906451703218552
2878 0.5287744702363466 -0.13493438359517873
2880 0.5382711211666256 -0.11055045608702906
2882 0.5485719156384848 -0.08590148863718296
2884 0.5597238100771512 -0.060977193000747686
2886 0.5717783899213303 -0.035768483112307244
2888 0.5847922668592763 -0.010267769511822152
2890 0.5988275137144736 0.015530686843659517
2892 0.6139521386380751 0.04163035008455138
2894 0.6302405997173298 0.06803190084397846
2896 0.6477743602621394 0.09473262769698892
2898 0.6666424837741564 0.12172569982392233
2900 0.6869422658002421 0.14899929870759812
2902 0.7087798973336484 0.17653558274390657
2904 0.7322711509174986 0.20430945414481239
2906 0.7575420758154477 0.2322870924185802
2908 0.7847296821463839 0.2604242130468801
2910 0.8139825852310953 0.2886640038311313
2912 0.8454615699387341 0.3169346849462615
2914 0.8793400197644738 0.3451466323726703
2916 0.9158041357777663 0.37318899868204136
2918 0.9550528453284999 0.4009257610824766
2920 0.9972972682343165 0.4281911256581634
2922 1.042759567743804 0.4547842210494218
2924 1.0916709636141775 0.480463027582574
2926 1.1442686242114675 0.504937513537291
2928 1.2007910835343318 0.5278619949686468
2930 1.2614717489308538 0.5488268074179272
2932 1.3265299802538684 0.5673494873462378
2934 1.3961591399886182 0.5828658207490436
2936 1.4705109520164388 0.5947213400906708
2938 1.5496754895117508 0.6021641517511319
2940 1.6336561783904326 0.6043403632760156
2942 1.7223394060085802 0.6002938498423519
2944 1.8154587359572951 0.5889726267523163
2946 1.9125544306479618 0.5692446155933778
2948 2.0129300522844695 0.5399259856381128
2950 2.1156093940828775 0.4998253259213864
2952 2.219298847347257 0.4478063872738212
2954 2.3223623436196217 0.38287070687997976
2956 2.4228178080708447 0.3042587979445772
2958 2.518364943694836 0.21156463609497672
2960 2.606453257578747 0.10485316622404232
2962 2.6843956824937707 -0.01523466251227506
2964 2.7495265084864724 -0.14740874757274708
2966 2.799393120853447 -0.2897086908393996
2968 2.831961029961794 -0.43955057923712815
2970 2.845803809632112 -0.5938479417495343
2972 2.840247057856184 -0.7491994197232552
2974 2.815440459472755 -0.902121338890118
2976 2.7723441509089373 -1.0492928239444388
2978 2.7126317958926878 -1.1877779795306054
2980 2.6385283057845923 -1.3151951092167398
2982 2.5526104860144923 -1.4298150344809195
2984 2.457601680572346 -1.5305852587014197
2986 2.356187145161255 -1.6170896559040435
2988 2.2508679794538833 -1.68946159978889
2990 2.1438612899750544 -1.7482711520524823
2992 2.037045542295054 -1.7944050664173699
2994 1.931944232534819 -1.8289538053933827
2996 1.8297382601830168 -1.8531143900212328
2998 1.731297105609733 -1.868113058159035
3000 1.6372201913065345 -1.8751480740287805
