20 6.861800266231963 -35.95517376477923
22 5.968004361996117 -32.99559800024471
24 5.253532496833732 -30.491717682122673
26 4.671637741506773 -28.345167531570777
28 4.190179279544092 -26.48405191119751
30 3.786401459405864 -24.854597586388287
32 3.443785017987098 -23.41577686514091
34 3.1500758167543332 -22.13573803202531
36 2.8960104417933157 -20.989372252144925
38 2.674468955872538 -19.95661613277042
40 2.4798976291443022 -19.02124286285681
42 2.3079069754101904 -18.16998532972971
44 2.154986377820958 -17.391889464285548
46 2.018297930412944 -16.67783021506434
48 1.8955251474463863 -16.020144326933817
50 1.784760343005417 -15.412348289575775
52 1.684419699376945 -14.84891925116603
54 1.5931784496111008 -14.32512307353542
56 1.509920866590498 -13.836878094235532
58 1.43370128520025 -13.380646226099962
60 1.3637134389227275 -12.953345195403802
62 1.2992661277801951 -12.552277276708065
64 1.2397637544639435 -12.175071012748825
66 1.184690637537619 -11.819633237425151
68 1.1335982799266797 -11.484109335339994
70 1.0860949679824337 -11.16685013222178
72 1.041837222076399 -10.86638415891121
74 1.0005227283735936 -10.581394297100037
76 0.9618844632613205 -10.310698019020963
78 0.9256857840272056 -10.053230591268386
80 0.8917163069136052 -9.808030736092418
82 0.8597884303137218 -9.574228340215358
84 0.8297343893202981 -9.351033877624326
86 0.8014037500676493 -9.137729273542563
88 0.7746612697906694 -8.933659985329477
90 0.7493850623563194 -8.738228115123249
92 0.7254650200313445 -8.550886400568587
94 0.7028014510538922 -8.371132955620807
96 0.6813038996602936 -8.198506654312641
98 0.6608901209399509 -8.03258306752383
100 0.6414851875394433 -7.872970876906638
102 0.6230207090263203 -7.719308701785848
104 0.6054341478289206 -7.571262284544608
106 0.5886682182212261 -7.428521988075527
108 0.5726703569325493 -7.290800565625094
110 0.5573922557074095 -7.15783116902579
112 0.5427894475983709 -7.029365566084077
114 0.5288209399867384 -6.905172541912622
116 0.5154488883438835 -6.785036462421007
118 0.5026383056012783 -6.668755981075675
120 0.49035680271747306 -6.556142872516068
122 0.47857435663972864 -6.447020978732069
124 0.4672631023753742 -6.341225255315315
126 0.45639714632674694 -6.238600906863618
128 0.4459523984192502 -6.139002601955221
130 0.43590642087179543 -6.042293759269969
132 0.4262382917340932 -5.948345897440384
134 0.4169284815512756 -5.857038042087431
136 0.40795874171964597 -5.768256184252305
138 0.39931200327256844 -5.681892785094302
140 0.39097228498839426 -5.597846322306774
142 0.38292460984267157 -5.516020874203777
144 0.3751549289426126 -5.436325737873494
146 0.3676500521808986 -5.358675078185363
148 0.3603975849327577 -5.28298760477617
150 0.3533858701968482 -5.209186274447731
152 0.34660393564631714 -5.137198016669361
154 0.3400414451156869 -5.066953480119733
156 0.3336886540999543 -4.998386798405554
158 0.32753636888769444 -4.931435373288088
160 0.3215759089901352 -4.866039673904794
162 0.3157990725629546 -4.802143050626804
164 0.31019810454921953 -4.739691562320463
166 0.3047656672991158 -4.67863381589924
168 0.29949481344701456 -4.618920817157836
170 0.2943789608479014 -4.560505831970823
172 0.2894118693949653 -4.5033442570274165
174 0.28458761955722356 -4.447393499342674
176 0.27990059249136695 -4.392612863859172
178 0.2753454515964923 -4.338963448512317
180 0.27091712539178414 -4.286408046184509
182 0.2666107916091294 -4.234911053027573
184 0.26242186240223975 -4.184438382676327
186 0.25834597058266995 -4.134957385912551
188 0.2543789568015082 -4.086436775383801
190 0.25051685760232817 -4.038846555004902
192 0.24675589427812572 -3.992157953709839
194 0.24309246246998376 -3.94634336323974
196 0.23952312245149127 -3.901376279687134
198 0.23604459004703326 -3.8572312485302405
200 0.23265372813677002 -3.813883812919095
202 0.2293475387050051 -3.7713104649897415
204 0.22612315539230043 -3.729488600001785
206 0.22297783651469577 -3.688396473110115
208 0.2199089585167347 -3.6480131585957247
210 0.21691400982739018 -3.6083185113911145
212 0.21399058509059807 -3.569293130757929
214 0.21113637974429453 -3.5309183259685204
216 0.20834918492383894 -3.4931760838698698
218 0.2056268826676547 -3.4560490382075244
220 0.20296744140471604 -3.4195204406010014
222 0.20036891170475485 -3.3835741330644713
224 0.19782942227383546 -3.3481945219807216
226 0.1953471761790215 -3.313366553438168
228 0.19292044728723992 -3.2790756898478253
230 0.19054757690437213 -3.2453078877627983
232 0.1882269706017077 -3.212049576831518
234 0.18595709521783985 -3.179287639812922
236 0.18373647602494353 -3.147009393596038
238 0.1815636940490847 -3.115202571162962
240 0.17943738353494504 -3.083855304440852
242 0.17735622954624036 -3.052956107993118
244 0.17531896569329097 -3.0224938635015968
246 0.17332437198019524 -2.992457804995699
248 0.1713712727644829 -2.962837504785912
250 0.16945853482223738 -2.9336228600632697
252 0.16758506551280494 -2.904804080129469
254 0.16574981103696337 -2.8763716742187606
256 0.1639517547833242 -2.8483164398878245
258 0.16218991575762767 -2.820629451932099
260 0.16046334709042195 -2.793302051812032
262 0.15877113461852524 -2.766325837552987
264 0.15711239553603476 -2.739692654099438
266 0.15548627711124574 -2.713394584098072
268 0.1538919554654595 -2.6874239390870587
270 0.15232863441059993 -2.6617732510716694
272 0.1507955443421858 -2.636435264466104
274 0.1492919411847001 -2.6114029283824114
276 0.14781710538663875 -2.586669389251119
278 0.14637034096237106 -2.5622279837539117
280 0.1449509745785463 -2.5380722320556974
282 0.1435583546825139 -2.5141958313194626
284 0.14219185067060672 -2.4905926494920223
286 0.14085085209426204 -2.4672567193444173
288 0.13953476790200176 -2.4441822327588905
290 0.1382430257153256 -2.421363535247174
292 0.13697507113698174 -2.398795120689456
294 0.13573036708979036 -2.3764716262867607
296 0.13450839318458008 -2.354387827711858
298 0.1333086451157999 -2.3325386344539982
300 0.1321306340833421 -2.3109190853455273
302 0.13097388623940828 -2.2895243442627016
304 0.1298379421590353 -2.268349695994444
306 0.12872235633335294 -2.2473905422677665
308 0.12762669668420096 -2.2266423979273027
310 0.12655054409936348 -2.206100887258184
312 0.1254934919871961 -2.1857617404477385
314 0.12445514584991858 -2.1656207901799958
316 0.12343512287457417 -2.1456739683560526
318 0.1224330515408897 -2.125917302936052
320 0.12144857124521827 -2.106346914895853
322 0.12048133193988667 -2.0869590152956885
324 0.11953099378715423 -2.06774990245295
326 0.118597226827223 -2.048715959218755
328 0.11767971065954504 -2.029853650348803
330 0.11677813413698371 -2.0111595199692913
332 0.11589219507209159 -1.992630189130928
334 0.1150215999550951 -1.974262353448406
336 0.11416606368305864 -1.956052780820983
338 0.11332530929963767 -1.9379983092327775
340 0.1124990677451273 -1.9200958446266583
342 0.11168707761620077 -1.9023423588509623
344 0.11088908493507188 -1.8847348876754302
346 0.11010484292756231 -1.867270528872806
348 0.10933411180977605 -1.8499464403639951
350 0.10857665858299115 -1.832759838425065
352 0.10783225683646958 -1.8157079959516869
354 0.10710068655777763 -1.7987882407809326
356 0.10638173395037255 -1.781997954066005
358 0.10567519125822909 -1.7653345687030655
360 0.10498085659702183 -1.7487955678086728
362 0.10429853379183458 -1.732378483243723
364 0.10362803222099344 -1.7160808941847205
366 0.10296916666582041 -1.6999004257376595
368 0.10232175716609997 -1.6838347475962252
370 0.10168562888102592 -1.6678815727384753
372 0.10106061195541843 -1.6520386561656324
374 0.10044654139100449 -1.6363037936751845
376 0.09984325692259659 -1.6206748206732167
378 0.09925060289896535 -1.6051496110201238
380 0.09866842816829037 -1.5897260759095528
382 0.09809658596789646 -1.57440216278098
384 0.09753493381830568 -1.5591758542618404
386 0.096983333421276 -1.5440451671401096
388 0.09644165056181635 -1.5290081513656921
390 0.0959097550139887 -1.5140628890792243
392 0.09538752045032677 -1.4992074936672541
394 0.0948748243548903 -1.4844401088435533
396 0.09437154793963634 -1.4697589077537168
398 0.09387757606418881 -1.4551620921053248
400 0.09339279715878197 -1.440647891318877
402 0.09291710315032167 -1.426214561701946
404 0.0924503893914606 -1.411860385643316
406 0.09199255459257194 -1.397583670828597
408 0.09154350075661224 -1.383382749474077
410 0.0911031331167037 -1.3692559775794486
412 0.09067136007637724 -1.3552017341993647
414 0.09024809315247159 -1.341218420731492
416 0.08983324692052294 -1.3273044602209034
418 0.08942673896261721 -1.313458296681461
420 0.08902848981769214 -1.2996783944312378
422 0.08863842293413011 -1.2859632374438734
424 0.08825646462468452 -1.2723113287126777
426 0.08788254402359717 -1.258721189629703
428 0.08751659304594896 -1.24519135937651
430 0.0871585463491144 -1.2317203943283028
432 0.08680834129632282 -1.2183068674692688
434 0.08646591792227479 -1.204949367819778
436 0.08613121890076843 -1.1916464998745435
438 0.0858041895143405 -1.1783968830504001
440 0.08548477762578398 -1.1651991511454443
442 0.08517293365164366 -1.1520519518063568
444 0.08486861053759802 -1.1389539460051823
446 0.08457176373566508 -1.1259038075256693
448 0.08428235118327547 -1.1129002224554225
450 0.08400033328418118 -1.099941888689538
452 0.08372567289111885 -1.0870275154377573
454 0.08345833529031592 -1.0741558227413053
456 0.08319828818772129 -1.0613255409950701
458 0.08294550169702061 -1.0485354104763922
460 0.08269994832940938 -1.0357841808797448
462 0.08246160298507475 -1.0230706108568934
464 0.08223044294646041 -1.0103934675620703
466 0.08200644787324922 -0.9977515262017376
468 0.081789599799071 -0.9851435695893116
470 0.08157988312996194 -0.9725683877039567
472 0.08137728464458024 -0.9600247772522487
474 0.08118179349614299 -0.9475115412340743
476 0.08099340121611712 -0.9350274885116532
478 0.0808121017197439 -0.9225714333807098
480 0.08063789131324531 -0.910142195144527
482 0.08047076870291053 -0.8977385976900755
484 0.0803107350059594 -0.8853594690653055
486 0.08015779376323132 -0.8730036410591614
488 0.08001195095378923 -0.8606699487809651
490 0.07987321501133698 -0.8483572302421388
492 0.07974159684259557 -0.836064325937672
494 0.07961710984760077 -0.8237900784279457
496 0.07949976994200579 -0.8115333319197402
498 0.07938959558132969 -0.7992929318480564
500 0.07928660778736345 -0.7870677244559056
502 0.07919083017655346 -0.7748565563730092
504 0.07910228899062346 -0.7626582741941501
506 0.0790210131292973 -0.7504717240541816
508 0.07894703418534191 -0.7382957512018193
510 0.07888038648182678 -0.7261291995706156
512 0.07882110711180301 -0.7139709113468499
514 0.07876923598033843 -0.701819726534986
516 0.07872481584906729 -0.6896744825183494
518 0.07868789238327695 -0.6775340136166401
520 0.07865851420163839 -0.665397150638692
522 0.07863673292857215 -0.6532627204316841
524 0.07862260324949495 -0.6411295454228145
526 0.07861618296885328 -0.628996443158157
528 0.0786175330711662 -0.6168622258337878
530 0.07862671778510437 -0.6047256998212773
532 0.07864380465074544 -0.592585665186428
534 0.0786688645900959 -0.5804409152004443
536 0.07870197198099085 -0.568290235843807
538 0.07874320473448439 -0.5561324053018845
540 0.07879264437591417 -0.5439661934521984
542 0.07885037612967974 -0.5317903613416618
544 0.07891648900794151 -0.5196036606554001
546 0.07899107590337039 -0.5074048331749988
548 0.07907423368611642 -0.4951926102253234
550 0.07916606330508705 -0.4829657121118041
552 0.07926666989383893 -0.47072284754391686
554 0.0793761628811524 -0.4584627130476045
556 0.07949465610648519 -0.4461839923644405
558 0.07962226794061021 -0.4338853558365416
560 0.0797591214114841 -0.4215654597777595
562 0.07990534433573239 -0.4092229458296616
564 0.08006106945586935 -0.3968564403015517
566 0.0802264345835408 -0.3844645534941288
568 0.08040158274904777 -0.37204587900604014
570 0.08058666235744502 -0.3595989930220864
572 0.08078182735142413 -0.3471224535824451
574 0.08098723738139921 -0.33461479983258785
576 0.08120305798299664 -0.3220745512516233
578 0.08142946076235624 -0.30950020686059687
580 0.08166662358962438 -0.29689024440543044
582 0.08191473080085694 -0.2842431195196083
584 0.08217397340897328 -0.27155726485891757
586 0.08244454932391693 -0.25883108921262404
588 0.08272666358265676 -0.2460629765863099
590 0.08302052858936321 -0.2332512852571484
592 0.0833263643663495 -0.2203943467990016
594 0.08364439881617772 -0.20749046507727825
596 0.08397486799559821 -0.1945379152111
598 0.08431801640175444 -0.18153494250185923
600 0.0846740972714242 -0.16847976132659695
602 0.08504337289376523 -0.15537055399410807
604 0.08542611493738458 -0.1422054695630557
606 0.08582260479235908 -0.12898262261895757
608 0.0862331339280097 -0.11570009201004056
610 0.08665800426717939 -0.10235591953812019
612 0.08709752857795627 -0.08894810860350334
614 0.08755203088361978 -0.0754746228017008
616 0.08802184689186299 -0.061933384469983775
618 0.08850732444423877 -0.048322273180298976
620 0.08900882398691312 -0.03463912417716609
622 0.08952671906388385 -0.020881726757526663
624 0.09006139683381853 -0.007047822590366055
626 0.09061325861181382 0.006864896027847806
628 0.09118272043746715 0.02085878798477394
630 0.0917702136705468 0.03493626523168274
632 0.09237618561604037 0.049099794738826155
634 0.09300110017995174 0.06335190052514715
636 0.09364543855771928 0.07769516577016308
638 0.09430969995701831 0.09213223500886857
640 0.094994402356957 0.10666581641608933
642 0.09570008330568158 0.12129868418346486
644 0.09642730075864563 0.13603368099371757
646 0.09717663395988256 0.15087372059789
648 0.09794868436876646 0.16582179049940407
650 0.09874407663498842 0.18088095475188207
652 0.09956345962454825 0.19605435687489853
654 0.10040750749988697 0.21134522289596494
656 0.10127692085723419 0.2267568645213338
658 0.10217242792492168 0.24229268244817087
660 0.10309478582614043 0.2579561698195794
662 0.10404478191013199 0.27375091583301475
664 0.10502323515627762 0.28968060951128205
666 0.10603099765527889 0.30574904364104816
668 0.10706895617262197 0.3219601188919794
670 0.10813803379931602 0.33831784812292853
672 0.10923919169563018 0.35482636088832853
674 0.1103734309337015 0.37148990815280186
676 0.11154179444552356 0.3883128672276332
678 0.11274536908321517 0.40529974694090926
680 0.11398528779891785 0.4224551930542438
682 0.11526273195234815 0.43978399393961265
684 0.11657893375451611 0.4572910865319453
686 0.11793517885690336 0.4749815625727974
688 0.11933280909594282 0.49286067516199744
690 0.12077322540351185 0.5109338456351851
692 0.12225789089501066 0.5292066707863061
694 0.12378833414736419 0.5476849304556695
696 0.12536615268044132 0.5663745955051137
698 0.1269930166563 0.5852818362033235
700 0.1286706728119719 0.6044130310471334
702 0.13040094864268267 0.6237747760440628
704 0.13218575685381037 0.6433738944856733
706 0.13402710010135394 0.6632174472402979
708 0.13592707604260568 0.6833127436014428
710 0.13788788271998167 0.7036673527215974
712 0.139911824303607 0.7242891156735487
714 0.14200131721994833 0.7451861581767805
716 0.1441588966962391 0.7663669040319517
718 0.14638722375334992 0.7878400893115396
720 0.14868909268212693 0.8096147773534722
722 0.15106743904191308 0.8317003746146769
724 0.15352534822296202 0.8541066474387928
726 0.15606606461841455 0.8768437398010138
728 0.15869300145603615 0.8999221920981381
730 0.16140975134382937 0.923352961052626
732 0.1642200975895714 0.9471474408113513
734 0.16712802635915242 0.9713174853193021
736 0.17013773974565638 0.9958754320612456
738 0.17325366982714252 1.020834127266445
740 0.17648049379968078 1.0462069526842994
742 0.1798231502797833 1.0720078540413704
744 0.18328685688045815 1.0982513713073683
746 0.18687712917530125 1.12495267089981
748 0.1905998011766143 1.152127579974409
750 0.19446104746684717 1.1797926229587519
752 0.1984674071367661 1.2079650604982148
754 0.2026258097001157 1.2366629310000952
756 0.206943603172539 1.265905094977989
758 0.2114285845231118 1.2957112824163237
760 0.21608903272846094 1.3261021433903792
762 0.22093374468637675 1.3570993022061424
764 0.22597207427297644 1.388725415340162
766 0.2312139748606576 1.4210042334915571
768 0.23667004564920716 1.4539606680796942
770 0.2423515822045423 1.4876208625612533
772 0.24827063164439192 1.5220122689675954
774 0.25444005296315275 1.5571637301035857
776 0.2608735830465788 1.5931055678917372
778 0.2675859089949983 1.6298696783936806
780 0.27459274744800366 1.6674896340843535
782 0.2819109316923833 1.7060007940231068
784 0.2895585074316446 1.7454404226158455
786 0.29755483820934236 1.7858478177397772
788 0.30592072160678907 1.827264449076126
790 0.3146785174830702 1.8697341075796747
792 0.32385228969467894 1.9133030671096594
794 0.33346796292590514 1.958020259346804
796 0.34355349648608896 2.0039374632412494
798 0.35413907718631454 2.051109510354766
800 0.365257333708942 2.0995945076113163
802 0.37694357522573996 2.1494540791115835
804 0.38923605742457795 2.2007536288499017
806 0.4021762795678794 2.2535626263511395
808 0.415809316751182 2.3079549174561724
810 0.43018419216218917 2.364009062707589
812 0.4453542948842018 2.421808706039
814 0.46137784965570433 2.481442976733682
816 0.478318446020895 2.543006927914912
818 0.4962456355109996 2.606602015143107
820 0.5152356069157921 2.6723366190243367
822 0.5353719513872902 2.7403266160783284
824 0.5567465311185603 2.8106960024967678
826 0.5794604677090177 2.8835775757565982
828 0.6036252691643402 2.9591136794270056
830 0.6293641178638604 3.037457016820093
832 0.6568133458857915 3.118771539395414
834 0.6861241289620806 3.2032334159948044
836 0.7174644362095874 3.291032088969019
838 0.7510212798912196 3.382371423023237
840 0.7870033180660845 3.477470951993265
842 0.8256438734408659 3.576567227628324
844 0.867204444471396 3.6799152725744473
846 0.9119788003091682 3.787790136780541
848 0.9602977702282213 3.9004885520879378
850 1.0125348615124063 4.018330673112538
852 1.069112868510659 4.14166188292899
854 1.1305116709380796 4.270854628183917
856 1.1972774631594778 4.406310228493298
858 1.2700337100910608 4.548460576809224
860 1.34949419199755 4.697769607625203
862 1.4364785827120425 4.854734353436667
864 1.5319311072734225 5.019885330177173
866 1.6369429496350847 5.193785879581182
868 1.75277923340316 5.377029936791843
870 1.880911582965019 5.57023746534031
872 2.023057492313396 5.774046480420659
874 2.1812279852571206 5.989100124692241
876 2.357785338281617 6.216026610383445
878 2.5555129385809674 6.455408914060571
880 2.777699623803695 6.707739787861702
882 3.0282410123584866 6.97335576680399
884 3.3117602208167325 7.2523411759080245
886 3.6337496760417167 7.544389364834783
888 4.000733919234488 7.848603128944783
890 4.420449407232216 8.163209065754714
892 4.902029688495715 8.485151071448264
894 5.4561701933135875 8.809516276062585
896 6.095221749804927 9.128733521342157
898 6.833119005668294 9.431473771475089
900 7.684979897784212 9.701183266094006
902 8.666105252170537 9.914215081050028
904 9.789960714839207 10.03763488096866
906 11.064562200699893 10.027033553115473
908 12.486611659630594 9.82517987145278
910 14.032993581167014 9.363154203273417
912 15.650301800538877 8.566562635594769
914 17.245422339016113 7.369793856195032
916 18.683634841896318 5.739415433700229
918 19.80284770756337 3.701964108720878
920 20.44856600192889 1.362793854897658
922 20.52110126105189 -1.1010851204537484
924 20.011927750636307 -3.480478571712022
926 19.0065658341348 -5.589917847262696
928 17.6522032730123 -7.310959703638002
930 16.110760287649807 -8.604194598066025
932 14.521507036549522 -9.493530103228116
934 12.983903100604207 -10.039140003539394
936 11.557451864459065 -10.313290409431765
938 10.270187012789771 -10.384871941667205
940 9.128977677383949 -10.312158351710787
942 8.128221985492974 -10.140999024161278
944 7.255998846863849 -9.90579619452632
946 6.4979470237492745 -9.631522442437634
948 5.839487599983964 -9.335857890304142
950 5.2669689863288145 -9.031057336510246
952 4.7681646446365615 -8.72543917225224
954 4.3324079140549 -8.424513896665784
956 3.9505387440424604 -8.131813863944139
958 3.6147640687056715 -7.84949195986548
960 3.3184880996124106 -7.578748410492079
962 3.0561418447125615 -7.32013268497539
964 2.8230257649652115 -7.073755882586894
966 2.615171023009492 -6.839439502256917
968 2.42922035048922 -6.616819221296103
970 2.262327408051451 -6.405416944469131
972 2.11207260597427 -6.204690510987006
974 1.9763931038071771 -6.014067685866884
976 1.8535247830917836 -5.832969108123152
978 1.7419542066909361 -5.660823490560451
980 1.6403788452554093 -5.497077395872659
982 1.547674117471614 -5.34120123062816
984 1.4628660337839103 -5.192692617152107
986 1.3851084450647992 -5.051077963288728
988 1.3136640771596317 -4.915912809474089
990 1.2478886816701853 -4.786781362034816
992 1.1872177564608883 -4.66329550060092
994 1.1311553900614144 -4.545093461405836
996 1.079264866214876 -4.431838337010579
998 1.0311607315564935 -4.323216489361297
1000 0.9865020836689085 -4.2189359420717
1002 0.9449868809213575 -4.118724795803305
1004 0.9063471115133829 -4.022329695044405
1006 0.8703446886255032 -3.9295143636679954
1008 0.8367679628358611 -3.840058219090321
1010 0.8054287630545613 -3.7537550697284465
1012 0.7761598940517926 -3.670411897167846
1014 0.7488130329237224 -3.589847722545405
1016 0.7232569791706543 -3.51189255586802
1018 0.6993762239913194 -3.4363864272220526
1020 0.6770698143769226 -3.363178500039181
1022 0.6562504970566793 -3.29212626894238
1024 0.6368441367016937 -3.223094848502454
1026 0.6187894123944317 -3.155956364980811
1028 0.6020378065704718 -3.090589471697773
1030 0.5865539116619849 -3.0268790212661756
1032 0.5723160915889185 -2.9647159465402626
1034 0.5593175476729783 -2.903997429573001
1036 0.5475678502862703 -2.8446274784605
1038 0.5370950056729974 -2.786518091838191
1040 0.5279481257810785 -2.7295912789370824
1042 0.5202007453814381 -2.673782331653881
1044 0.513954761899207 -2.6190449297199603
1046 0.5093448158889518 -2.5653589177479623
1048 0.5065426060877685 -2.512741934503625
1050 0.5057600080619212 -2.4612664834144566
1052 0.5072487215654511 -2.4110844131646987
1054 0.5112921924027884 -2.3624608402276888
1056 0.5181823844896214 -2.315818591925721
1058 0.52816952471181 -2.2717908147024337
1060 0.541368284337252 -2.2312709009660345
1062 0.5576032670037823 -2.195432048698884
1064 0.5761906121492788 -2.1656628446312047
1066 0.5956979369741682 -2.143341649770698
1068 0.6138107915045476 -2.1293894706759637
1070 0.6275186768502564 -2.1236590406026825
1072 0.6337858343780548 -2.12444286977099
1074 0.630565600943023 -2.128532400932268
1076 0.6176134652674203 -2.132029936032307
1078 0.5965366690083291 -2.131540422395546
1080 0.5700627297497565 -2.12503754332522
1082 0.5410602215035558 -2.1120092212806605
1084 0.5118497662997956 -2.09304773125551
1086 0.48396636261444265 -2.069287772890209
1088 0.45823717174369566 -2.041970396090285
1090 0.43498057555121167 -2.012203579910472
1092 0.4142023539871765 -1.98087508089642
1094 0.3957423551359512 -1.9486505650261272
1096 0.3793687385047543 -1.9160073916274043
1098 0.36483225416071674 -1.8832766138793244
1100 0.35189437133285056 -1.850681163347368
1102 0.3403398506334097 -1.8183664819994159
1104 0.3299807335833892 -1.786423565287895
1106 0.32065595695911575 -1.7549056762224209
1108 0.3122289802475333 -1.7238402100559436
1110 0.3045847109238282 -1.6932370072453051
1112 0.2976263770099121 -1.6630941306998224
1114 0.2912726454162549 -1.6334018589906705
1116 0.2854550983813736 -1.6041454345873407
1118 0.2801160864913457 -1.5753069469871397
1120 0.2752069331968527 -1.5468666158301436
1122 0.2706864486712732 -1.5188036580912796
1124 0.2665197071356991 -1.4910968669402096
1126 0.2626770443229146 -1.4637249906830339
1128 0.2591332368329816 -1.4366669731074388
1130 0.25586683086474793 -1.4099020978155674
1132 0.2528595932984814 -1.3834100661543918
1134 0.25009606298638004 -1.357171029352755
1136 0.24756318427521348 -1.331165589207759
1138 0.24525000826134769 -1.3053747772919124
1140 0.243147450138068 -1.2797800195929832
1142 0.24124809333193303 -1.2543630913504522
1144 0.239546033028023 -1.2291060653407015
1146 0.23803675323789508 -1.2039912557980932
1148 0.23671703283711198 -1.1790011594069423
1150 0.2355848770529843 -1.1541183942698208
1152 0.2346394717656563 -1.1293256373832563
1154 0.23388115873875692 -1.104605560894405
1156 0.23331143055363626 -1.0799407672344064
1158 0.23293294461252267 -1.055313723107364
1160 0.23274955612651985 -1.0307066922501398
1162 0.23276637053675825 -1.0061016668483196
1164 0.2329898163521538 -0.9814802975079039
1166 0.23342773994661553 -0.9568238217282299
1168 0.23408952446302914 -0.9321129909166395
1170 0.23498623564405563 -0.9073279961282753
1172 0.23613079817653573 -0.8824483929268419
1174 0.2375382070254646 -0.8574530260623766
1176 0.23922577928029695 -0.8323199550803528
1178 0.24121345327936708 -0.8070263825540237
1180 0.24352414326616625 -0.7815485874291754
1182 0.2461841596196935 -0.7558618670614867
1184 0.24922370685627382 -0.7299404930252057
1186 0.25267747419938086 -0.7037576878273356
1188 0.25658533664300814 -0.6772856324804774
1190 0.26099318818885436 -0.6504955187620026
1192 0.2659539334106883 -0.6233576653161315
1194 0.27152866877454357 -0.5958417240988226
1196 0.27778809125882914 -0.5679170137945084
1198 0.28481417872495474 -0.5395530308404013
1200 0.2927021939584977 -0.5107202080641237
1202 0.30156307177204067 -0.4813910177767204
1204 0.31152625488702185 -0.4515415533116374
1206 0.3227430473118922 -0.4211537743932112
1208 0.3353905496671955 -0.39021867257705845
1210 0.3496762224580202 -0.35874071018647163
1212 0.36584307878908257 -0.32674401816114396
1214 0.3841754174724036 -0.2942810147346884
1216 0.4050048378448868 -0.2614443368944159
1218 0.42871597544116086 -0.22838326369285591
1220 0.45575087887636234 -0.19532614183936048
1222 0.48661008611162315 -0.16261064749300122
1224 0.5218470741491094 -0.13072389793207387
1226 0.5620506291971186 -0.10035416219766718
1228 0.6078066171800752 -0.07245461262205316
1230 0.6596266593918975 -0.04831612998282849
1232 0.7178270927907514 -0.029638906902013342
1234 0.7823397849364119 -0.018579292692324344
1236 0.8524425541177866 -0.017727530384920632
1238 0.9264211638403568 -0.029946615065202114
1240 1.0012291861697216 -0.05798662047475634
1242 1.0722982287193088 -0.10381531739854723
1244 1.1337338996729793 -0.16771955572783914
1246 1.1791171959049547 -0.24744374580005304
1248 1.202902947551463 -0.33783716988204976
1250 1.2019896244839063 -0.43144614483972815
1252 1.1767245586524693 -0.5200527529869831
1254 1.1307824914630986 -0.596557461900553
1256 1.069990106925414 -0.6563575969432176
1258 1.0007405182315945 -0.6977311522584704
1260 0.9286985354841494 -0.7213439011030918
1262 0.8581318085599242 -0.7293525199299539
1264 0.7918108232056275 -0.7245427579503616
1266 0.7312422767353185 -0.7097200728419953
1268 0.6770145828596792 -0.6873758295615234
1270 0.6291227662289283 -0.6595597314403577
1272 0.587220314813234 -0.6278747343550758
1274 0.5507927298438514 -0.5935301954350297
1276 0.5192670361375118 -0.5574138780995599
1278 0.492075476261491 -0.5201625614965019
1280 0.4686890881847396 -0.48222283565939345
1282 0.4486327155040334 -0.44389996535834625
1284 0.43148922707354265 -0.40539559331418823
1286 0.41689788270911654 -0.36683609418050456
1288 0.4045498376602282 -0.3282935428532086
1290 0.39418252344519733 -0.28980104582256816
1292 0.38557386492479107 -0.2513638602893465
1294 0.37853682740872713 -0.2129674067981489
1296 0.3729145171680682 -0.17458300923816242
1298 0.3685759076641523 -0.1361719799735165
1300 0.36541218380213075 -0.0976885027528974
1302 0.36333365780979615 -0.05908164280916496
1304 0.362267194952207 -0.020296722879907778
1306 0.36215408456399223 0.01872376227170635
1308 0.36294829561159375 0.058039568281645686
1310 0.36461506266580557 0.09771237079069031
1312 0.36712975583193996 0.13780561764889965
1314 0.3704769958428724 0.17838451738758104
1316 0.3746499826873747 0.2195161308684474
1318 0.3796500126479562 0.26126954265476277
1320 0.3854861644416388 0.3037160956792228
1322 0.39217514036022433 0.3469296779183543
1324 0.3997412530115544 0.39098705355343044
1326 0.408216552590101 0.4359682338529469
1328 0.41764109369802077 0.4819568850158271
1330 0.42806334473058794 0.5290407716483042
1332 0.43954074687812306 0.5773122355178777
1334 0.4521404340278326 0.6268687098092734
1336 0.46594012943462315 0.6778132693256436
1338 0.4810292401437522 0.7302552169088197
1340 0.4975101759972355 0.7843107057628198
1342 0.5154999268673951 0.8401033962204623
1344 0.5351319398251623 0.8977651436766138
1346 0.5565583475911905 0.9574367116407868
1348 0.5799526112579867 1.0192684998427584
1350 0.6055126544010989 1.0834212715569023
1352 0.6334645829307408 1.1500668561269904
1354 0.6640671061207264 1.2193887911553898
1356 0.6976168000840128 1.2915828526288866
1358 0.7344543866252057 1.3668573985563957
1360 0.7749722391520134 1.445433419882866
1362 0.8196233745937127 1.5275441478263057
1364 0.8689322475975463 1.6134340041765953
1366 0.9235077321049735 1.7033565930722179
1368 0.9840587568160493 1.7975713088536907
1370 1.05141315500803 1.8963379598419623
1372 1.1265403933421951 1.9999085610914302
1374 1.2105789517563688 2.1085151002584466
1376 1.304869221862934 2.2223515874154107
1378 1.4109928434163637 2.3415480028678655
1380 1.5308193487834585 2.4661327760146547
1382 1.666560727015744 2.5959790555256244
1384 1.8208338621231777 2.7307281309687887
1386 1.9967294141612615 2.869680783934911
1388 2.1978830344833558 3.0116439455490003
1390 2.4285399049590897 3.154715796130639
1392 2.693594970033969 3.295987688164272
1394 2.9985766212034726 3.4311371753168234
1396 3.3495178659960616 3.553885984816382
1398 3.7526226532321694 3.6553065865636944
1400 4.2135842565351584 3.722994120244221
1402 4.736353422752454 3.740199542757189
1404 5.321113638226817 3.6851775522005736
1406 5.961271473519142 3.5312682435133826
1408 6.639552779553716 3.2485810090344875
1410 7.323998061631554 2.8083978396834732
1412 7.96582429079161 2.1910834672400936
1414 8.502245796585715 1.396700136230832
1416 8.866949924333815 0.4545533700254452
1418 9.007365111045013 -0.5746650870339252
1420 8.902042368222597 -1.608988640729529
1422 8.568515848790186 -2.565391858647698
1424 8.056662956360446 -3.380488996227861
1426 7.43184834385784 -4.021732518249327
1428 6.757383323290942 -4.486260371351521
1430 6.083388003821781 -4.791825641353049
1432 5.443359196193388 -4.966177151000016
1434 4.855942258739197 -5.038907915523654
1436 4.3287973612863135 -5.036779549859273
1438 3.8625016428737906 -4.981829747877314
1440 3.453614100954953 -4.89116071897227
1442 3.0967662828701203 -4.777522454090164
1444 2.785951208461886 -4.650149361946114
1446 2.515248129702552 -4.515579380344023
1448 2.2791865340777564 -4.37834876024702
1450 2.0728953858952326 -4.241539644700574
1452 1.892132794095591 -4.10719368735097
1454 1.7332543408045384 -3.976616463767018
1456 1.5931539402588617 -3.8505978606292146
1458 1.469195971362898 -3.729569949826897
1460 1.3591484309989499 -3.6137192808108716
1462 1.2611216964665706 -3.503066346127323
1464 1.1735146373527952 -3.3975215823234075
1466 1.0949683197901712 -3.296924672607862
1468 1.0243268171881008 -3.2010719969202364
1470 0.9606043370950454 -3.1097356816421
1472 0.9029577947244374 -3.022676702022595
1474 0.8506639970003133 -2.9396537786984154
1476 0.8031006842777404 -2.8604293044903386
1478 0.7597307767035753 -2.784773179505108
1480 0.7200892714673609 -2.71246517863095
1482 0.6837723280487386 -2.64329629530438
1484 0.6504281579988649 -2.5770693773281117
1486 0.6197494033750558 -2.513599279319284
1488 0.5914667444646746 -2.4527126913136956
1490 0.5653435241797857 -2.39424775657017
1492 0.5411712149013876 -2.338053558371324
1494 0.5187655849489811 -2.2839895318022094
1496 0.4979634474677502 -2.2319248394355626
1498 0.4786198953973377 -2.1817377376381493
1500 0.4606059431948243 -2.133314951485604
1502 0.4438065098477786 -2.0865510700435537
1504 0.4281186890334391 -2.041347969360368
1506 0.41345026152856285 -1.9976142673932158
1508 0.39971841255270313 -1.9552648129153263
1510 0.38684862294584765 -1.914220208950355
1512 0.3747737081942248 -1.874406370262907
1514 0.3634329835357504 -1.8357541137705875
1516 0.35277153686016144 -1.7981987803237935
1518 0.3427395940061397 -1.7616798860602176
1520 0.333291963455001 -1.7261408014221586
1522 0.3243875494174926 -1.6915284558955694
1524 0.3159889239758118 -1.6577930665528833
1526 0.3080619503387905 -1.624887888550333
1528 0.3005754504370721 -1.5927689858152525
1530 0.2935009110700343 -1.5613950202647142
1532 0.28681222364516284 -1.5307270580030736
1534 0.2804854532521524 -1.5007283910591305
1536 0.2744986334077438 -1.4713643733321413
1538 0.2688315833115703 -1.4426022695206393
1540 0.263465744882735 -1.414411115910203
1542 0.25838403721268416 -1.386761591988843
1544 0.25357072638311157 -1.3596259019473447
1546 0.24901130886581635 -1.3329776652037015
1548 0.24469240695157926 -1.3067918151648563
1550 0.24060167485335554 -1.281044505508365
1552 0.23672771429993889 -1.2557130233296452
1554 0.2330599985839501 -1.2307757085573265
1556 0.22958880415571503 -1.2062118790917664
1558 0.22630514896573642 -1.182001761169686
1560 0.223200736854802 -1.158126424499829
1562 0.22026790737490384 -1.1345677217547174
1564 0.21749959049769152 -1.1113082320384833
1566 0.21488926573116918 -1.0883312079822833
1568 0.2124309252220784 -1.0656205261484473
1570 0.21011904047070243 -1.0431606404496268
1572 0.20794853232881516 -1.0209365383138194
1574 0.20591474398988205 -0.9989336993458692
1576 0.2040134167151823 -0.9771380562567549
1578 0.2022406680697591 -0.9555359578471163
1580 0.20059297246954816 -0.934114133848718
1582 0.19906714386531452 -0.9128596614394372
1584 0.19766032041109777 -0.8917599332609785
1586 0.1963699509847337 -0.8708026267783859
1588 0.1951937834461789 -0.8499756748302725
1590 0.1941298545359734 -0.8292672372271964
1592 0.19317648133154036 -0.8086656732626601
1594 0.19233225419341254 -0.7881595150075437
1596 0.1915960311467514 -0.7677374412641934
1598 0.19096693365655767 -0.7473882520603581
1600 0.1904443437670941 -0.727100843567614
1602 0.19002790258812355 -0.7068641833301357
1604 0.18971751012234786 -0.6866672856935039
1606 0.1895133264401361 -0.666499187322093
1608 0.18941577421977443 -0.6463489226962362
1610 0.18942554268342354 -0.6262054994779399
1612 0.1895435929718905 -0.606057873634244
1614 0.18977116501459543 -0.5858949242041454
1616 0.1901097859651736 -0.565705427593385
1618 0.19056128028853503 -0.5454780312767624
1620 0.1911277816015193 -0.5252012267841856
1622 0.19181174638731338 -0.5048633218406996
1624 0.19261596972352324 -0.4844524115250402
1626 0.19354360318568425 -0.46395634830388627
1628 0.1945981751122873 -0.4433627107911918
1630 0.19578361344460904 -0.4226587710723671
1632 0.19710427138523148 -0.4018314604235708
1634 0.19856495615355232 -0.38086733324431477
1636 0.20017096115559085 -0.35975252900976623
1638 0.20192810192975522 -0.33847273203439815
1640 0.20384275628054718 -0.31701312882466876
1642 0.20592190906979554 -0.29535836278130995
1644 0.20817320220096094 -0.27349248599413456
1646 0.2106049904074744 -0.2513989078537617
1648 0.2132264035432085 -0.22906034018401442
1650 0.2160474161732258 -0.20645873857736977
1652 0.21907892537865772 -0.18357523959424818
1654 0.22233283782360105 -0.16039009346324054
1656 0.2258221672871823 -0.13688259189664412
1658 0.22956114404422087 -0.11303099061456315
1660 0.23356533768878757 -0.08881242614664929
1662 0.2378517952394919 -0.06420282646590517
1664 0.24243919665269306 -0.0391768149926762
1666 0.24734803020592028 -0.013707607499850975
1668 0.25260079060817925 0.012233098545745346
1670 0.25822220315832756 0.03867524265553305
1672 0.26423947781984264 0.0656505284172092
1674 0.2706825977268927 0.09319255936798197
1676 0.2775846474013394 0.12133698389040101
1678 0.2849821868681952 0.1501216492283977
1680 0.2929156789339119 0.17958676449928185
1682 0.30142997817555095 0.20977507226788603
1684 0.3105748917173806 0.2407320278120047
1686 0.32040582369821563 0.27250598460995074
1688 0.3309845175163682 0.30514838375855347
1690 0.34237991255340405 0.3387139439120568
1692 0.35466913521189924 0.37326084682018884
1694 0.36793864785893676 0.4088509114966056
1696 0.38228558377428506 0.4455497472951877
1698 0.3978193016033535 0.4834268724573176
1700 0.4146631992831084 0.5225557796964161
1702 0.4329568351361177 0.5630139236594321
1704 0.45285841302307145 0.6048825960381813
1706 0.47454769933050045 0.6482466418852597
1708 0.4982294523459521 0.6931939541893414
1710 0.5241374593896816 0.7398146614712039
1712 0.5525392939380986 0.7881998929889684
1714 0.5837419236433904 0.8384399652670281
1716 0.6180983198895225 0.8906217782367811
1718 0.6560152387485514 0.9448251340922664
1720 0.6979623588736533 1.001117589996438
1722 0.7444829685233382 1.059547317670515
1724 0.7962063820763385 1.1201332563874962
1726 0.8538622200393745 1.1828515952560161
1728 0.918296579119394 1.2476172866657629
1730 0.9904899071319918 1.3142588534297943
1732 1.0715760119052884 1.3824841861724089
1734 1.1628609645377215 1.451834322385033
1736 1.2658395370124331 1.5216213687880242
1738 1.3822049913194203 1.5908458523838547
1740 1.5138451559009125 1.6580880749363607
1742 1.6628133209249611 1.7213679726628124
1744 1.8312560447963335 1.7779694909504402
1746 2.0212711570300432 1.8242303036906233
1748 2.2346584958597298 1.855308739503089
1750 2.47251567578173 1.864961313525167
1752 2.7346281556651673 1.8454013479086548
1754 3.018621201141065 1.7873645553379007
1756 3.3189046344279074 1.6805736970974166
1758 3.6255774652408164 1.5148393100782356
1760 3.923676417451712 1.2819846343051065
1762 4.1933849983543166 0.9785363508728031
1764 4.411874665513651 0.6086223051755403
1766 4.5570474131747 0.18591868813147386
1768 4.612488221754026 -0.266733480646523
1770 4.571862210966422 -0.7207364041101799
1772 4.44073207440149 -1.1473429296209094
1774 4.234873294661575 -1.5233020070608412
1776 3.975965353219862 -1.8343641409321965
1778 3.6866622403132907 -2.0757822928294005
1780 3.386815898863714 -2.2504631311190457
1782 3.0915705428341362 -2.3661279090545952
1784 2.8110855181396235 -2.432640242605424
1786 2.551232044943056 -2.46007157512288
1788 2.3146527013535203 -2.45757698001876
1790 2.1017977239532875 -2.432903962012312
1792 1.9117662249294376 -2.3923032631101417
1794 1.742916618808097 -2.34065181594099
1796 1.5932750215098415 -2.28166204725804
1798 1.460790018345577 -2.2181061766553793
1800 1.343480205250903 -2.1520210127227792
1802 1.2395113475637443 -2.0848803924216295
1804 1.147229654117406 -2.01773365760426
1806 1.0651690664075553 -1.9513135985278065
1808 0.9920441177719383 -1.8861189794977056
1810 0.9267355444360955 -1.8224768204364847
1812 0.8682729488210256 -1.76058898955637
1814 0.8158169791000858 -1.700566847855735
1816 0.7686423509774832 -1.6424568966126154
1818 0.7261223515713038 -1.586259699453322
1820 0.6877150645554243 -1.5319438003762191
1822 0.6529513314794013 -1.479455929269157
1824 0.6214243468666861 -1.428728457934756
1826 0.5927807306580017 -1.3796848220138758
1828 0.5667129038429352 -1.3322434391711
1830 0.5429525953166072 -1.2863205163934703
1832 0.5212653202992948 -1.2418320373578091
1834 0.5014456873479075 -1.1986951454309023
1836 0.4833134088212444 -1.1568290820973492
1838 0.46670990690699826 -1.1161557993445093
1840 0.4514954231166766 -1.0766003339647083
1842 0.43754655317136265 -1.0380910090681361
1844 0.42475414137819145 -1.000559511261264
1846 0.4130214790336297 -0.9639408794270798
1848 0.4022627602495101 -0.9281734317165831
1850 0.3924017560725692 -0.8931986504084488
1852 0.38337067404801467 -0.8589610391038867
1854 0.37510917564043517 -0.825407962847634
1856 0.367563528328593 -0.7924894788712574
1858 0.3606858728730615 -0.7601581634916624
1860 0.3544335893359651 -0.7283689390857432
1862 0.34876874800995245 -0.6970789038604381
1864 0.3436576335736227 -0.6662471662436775
1866 0.33907033260399466 -0.6358346850634158
1868 0.3349803761011375 -0.6058041161948522
1870 0.33136442996566506 -0.5761196660019067
1872 0.3282020274558974 -0.5467469516430504
1874 0.32547533857351063 -0.5176528681290722
1876 0.3231689721104643 -0.48880546189493856
1878 0.32126980676119377 -0.46017381056177137
1880 0.3197668482807507 -0.4317279085129159
1882 0.3186511101684503 -0.4034385578761091
1884 0.31791551579188776 -0.37527726449258664
1886 0.31755482024834986 -0.34721613845381755
1888 0.3175655506013964 -0.31922779879757057
1890 0.31794596343620946 -0.29128528197523845
1892 0.31869601895713373 -0.2633619537273715
1894 0.31981737111094666 -0.23543142403771025
1896 0.321313373464771 -0.20746746487491688
1898 0.3231891008050322 -0.17944393047589702
1900 0.32545138665703016 -0.15133467997903777
1902 0.328108877160101 -0.12311350227539095
1904 0.3311721019730917 -0.09475404302260493
1906 0.33465356313783373 -0.06622973384875466
1908 0.3385678430942474 -0.037513723881919155
1910 0.3429317333301936 -0.00857881386243591
1912 0.3477643854630338 0.02060260674842242
1914 0.3530874868976504 0.05005861906719965
1916 0.35892546359102073 0.0798178296654748
1918 0.3653057128862802 0.10990941991801166
1920 0.372258869863404 0.14036318836167166
1922 0.379819111202713 0.1712095841752281
1924 0.3880245011738774 0.20247972934945616
1926 0.3969173850628554 0.23420542644959425
1928 0.40654483613609516 0.26641914803469746
1930 0.41695916312841086 0.2991540027574732
1932 0.42821848623459613 0.3324436718629407
1934 0.4403873906895542 0.366322308171922
1936 0.45353766824222586 0.4008243875905145
1938 0.46774915815464435 0.43598450062048255
1940 0.48311070077514234 0.4718370681274777
1942 0.49972121820600135 0.5084159615786485
1944 0.5176909380504089 0.5457540028845032
1946 0.5371427775768215 0.5838823125989487
1948 0.5582139067167429 0.6228294672182096
1950 0.5810575088695505 0.662620416270976
1952 0.6058447581364685 0.7032750972948633
1954 0.6327670297959239 0.7448066710593487
1956 0.6620383567304631 0.7872192797956055
1958 0.6938981369240065 0.8305052069062399
1960 0.7286140843452175 0.8746412867517501
1962 0.7664853950432085 0.91958437671217
1964 0.8078460686272207 0.9652656600124851
1966 0.8530682775973376 1.011583496356038
1968 0.9025656065042736 1.0583944786649675
1970 0.9567958805038322 1.1055022902471325
1972 1.016263156400366 1.1526438924787965
1974 1.0815182431748753 1.1994725185838129
1976 1.1531568342096963 1.2455369223983954
1978 1.2318139484921058 1.2902563630602317
1980 1.318152872375219 1.3328909476122555
1982 1.4128461547382625 1.3725072816607737
1984 1.516545447506995 1.407940008807696
1986 1.6298361612149803 1.4377509125037633
1988 1.7531721757428178 1.4601890113376481
1990 1.8867855214471452 1.4731577177941748
1992 2.030566575269134 1.4741988054652229
1994 2.183912757738895 1.4605075656536644
1996 2.3455491260479295 1.4289985351658325
1998 2.513333863738737 1.376445009613432
2000 2.684076125419231 1.2997153354903495
2002 2.85341185601577 1.196120421287934
2004 3.015800428649746 1.0638653741901403
2006 3.1647118783892316 0.9025614917020682
2008 3.293058308379455 0.7137079923066422
2010 3.3938733536495915 0.5010121212691173
2012 3.4611631102124254 0.2704076818112037
2014 3.49076551235596 0.02967937891213866
2016 3.481006041494932 -0.21229514105828062
2018 3.432964618803221 -0.4465468301497767
2020 3.3502750150819396 -0.6650319751654311
2022 3.2385205778312702 -0.8614312047104894
2024 3.104402007973405 -1.0315804953775043
2026 2.9548878991558434 -1.1735086638635324
2028 2.796516488567593 -1.2871631240302526
2030 2.6349339883350607 -1.3739583883516102
2032 2.4746741555474885 -1.4362784114428342
2034 2.3191316515573015 -1.4770265021753195
2036 2.1706625811345024 -1.499270944804507
2038 2.030750118919005 -1.5059975141561992
2040 1.9001888660192248 -1.4999575168804302
2042 1.7792590895288363 -1.4835902903683988
2044 1.667876367475247 -1.4589979197657048
2046 1.565711970719661 -1.4279531118885325
2048 1.4722850259816724 -1.3919257811855381
2050 1.3870302411059305 -1.352118352308938
2052 1.309345844979846 -1.3095033976586756
2054 1.2386262478650094 -1.2648598752930047
2056 1.1742833200624438 -1.2188060298171273
2058 1.1157594422902288 -1.1718281614617885
2060 1.0625347666813116 -1.1243051472158745
2062 1.0141305139823815 -1.0765289675050922
2064 0.9701096389287659 -1.0287216664789254
2066 0.9300758149354978 -0.9810492319462883
2068 0.893671404071237 -0.9336328737847167
2070 0.8605748694880231 -0.8865581394082701
2072 0.8304979373644671 -0.8398822509378363
2074 0.8031827091492136 -0.793639992017591
2076 0.7783988507502815 -0.7478484185665025
2078 0.7559409343424518 -0.7025106198063684
2080 0.735625973993262 -0.657618714560219
2082 0.7172911734544081 -0.6131562329894408
2084 0.7007918897055373 -0.5691000050693804
2086 0.6859998066553001 -0.5254216534468227
2088 0.6728013080203039 -0.48208876909283177
2090 0.6610960355680551 -0.43906583262215276
2092 0.6507956177536611 -0.39631493163983494
2094 0.641822553705395 -0.3537963144327415
2096 0.6341092381097845 -0.31146881228220563
2098 0.627597113536425 -0.26929015623452973
2100 0.6222359379438783 -0.22721720902536158
2102 0.6179831563997967 -0.1852061287422989
2104 0.6148033673573394 -0.14321247753060953
2106 0.6126678751106839 -0.10119128603394081
2108 0.6115543212800085 -0.05909708217597589
2110 0.6114463893419623 -0.01688389124246539
2112 0.6123335773222024 0.0254947870849476
2114 0.6142110348079134 0.06808602011007574
2116 0.6170794614285167 0.1109374980703685
2118 0.6209450649035886 0.15409760139553813
2120 0.6258195776800549 0.1976154764413643
2122 0.6317203320915898 0.24154111713501827
2124 0.6386703948857794 0.2859254501080733
2126 0.6466987628946276 0.33082042090098307
2128 0.6558406225883117 0.37627907869709226
2130 0.666137677268298 0.42235565678830284
2132 0.6776385467413791 0.46910564555938905
2134 0.6903992454913594 0.516585854197888
2136 0.7044837466493443 0.5648544565492767
2138 0.7199646404795536 0.6139710155119719
2140 0.7369238976649022 0.6639964790454516
2142 0.7554537494213509 0.7149931391839488
2144 0.7756576984084358 0.7670245433147689
2146 0.7976516765592332 0.8201553442952919
2148 0.821565368337569 0.8744510725936399
2150 0.8475437205466518 0.9299778093738066
2152 0.8757486626553461 0.986801734082711
2154 0.9063610646376843 1.0449885133484835
2156 0.9395829624667925 1.1046024895060558
2158 0.9756400845373289 1.165705616381975
2160 1.0147847151963878 1.2283560765297266
2162 1.0572989338995225 1.2926064972020344
2164 1.1034982697479352 1.3585016611080214
2166 1.153735810514215 1.4260755813634924
2168 1.2084068015247464 1.4953477766873295
2170 1.2679537612080147 1.5663185413070229
2172 1.3328721241666788 1.6389629524011464
2174 1.4037163956204166 1.7132232942675671
2176 1.4811067577048136 1.788999500726408
2178 1.565736000931091 1.866137123769551
2180 1.6583765525849443 1.944412226146316
2182 1.7598872234450154 2.0235124692456115
2184 1.8712190750857842 2.103013529564988
2186 1.9934194958104525 2.1823498378330424
2188 2.12763312985353 2.260778515817205
2190 2.2750976900553157 2.337335326106595
2192 2.4371318511823845 2.4107815168480795
2194 2.6151113233864876 2.479540746379761
2196 2.8104278146126846 2.541625983437439
2198 3.0244239294333437 2.594557651757296
2200 3.2582952521194555 2.6352766782719317
2202 3.5129492643622027 2.6600599623838384
2204 3.7888100471414217 2.66445159654495
2206 4.08555914283248 2.643231282277834
2208 4.401808436462804 2.5904516293000333
2210 4.734713059361701 2.4995870402412805
2212 5.079553882829134 2.3638451686581474
2214 5.429351569188667 2.176690901375489
2216 5.774614586709509 1.932612713401071
2218 6.103361174467715 1.6281116378602296
2220 6.4015682567320695 1.2628096239273399
2222 6.654159481974253 0.8404692938014762
2224 6.846527560671515 0.3696297859706779
2226 6.966402330574345 -0.13644639212096266
2228 7.005686473226435 -0.6607012000273169
2230 6.961785990599011 -1.184024966601235
2232 6.838045535536948 -1.6874760764872017
2234 6.64315518780282 -2.1544549150493
2236 6.3897148087041415 -2.572329732649575
2238 6.092372767897596 -2.933220326519631
2240 5.766004340001009 -3.2339288601253444
2242 5.4242768774439405 -3.475232128995384
2244 5.078755352832273 -3.6608438527094616
2246 4.738528571838647 -3.7963282660697617
2248 4.4102340949193986 -3.888153279267748
2250 4.098330498975263 -3.942969808694199
2252 3.805484238991554 -3.967126958839712
2254 3.532976854061216 -3.9663892216393233
2256 3.281077104412672 -3.9458057775414423
2258 3.049352732650005 -3.9096828864326247
2260 2.8369160987421655 -3.861619145064689
2262 2.642608684725736 -3.804574149322288
2264 2.4651341303118874 -3.740950814710496
2266 2.303150493550195 -3.672679182824456
2268 2.155331598707599 -3.601294914046786
2270 2.020405744837276 -3.5280092077893697
2272 1.8971783187226618 -3.453769072963393
2274 1.7845432811914403 -3.3793081172150004
2276 1.6814871867978631 -3.305188663052141
2278 1.587088367368288 -3.2318362667402796
2280 1.5005131299292418 -3.1595677688781354
2282 1.42101024443293 -3.088613944171085
2284 1.3479045814836095 -3.0191377033239064
2286 1.2805904656664189 -2.9512486677290664
2288 1.2185251042823722 -2.885014807132314
2290 1.1612223096904768 -2.820471711273065
2292 1.108246637599371 -2.7576299624802547
2294 1.059207999966534 -2.6964809880044918
2296 1.0137567698701029 -2.6370016975373103
2298 0.971579369814774 -2.579158151214226
2300 0.9323943194946268 -2.5229084545310663
2302 0.8959487105936945 -2.4682050371671496
2304 0.8620150723709772 -2.414996441041004
2306 0.830388590892915 -2.3632287175734827
2308 0.8008846457237261 -2.3128465138914325
2310 0.7733366298994961 -2.263793911555164
2312 0.7475940215960518 -2.216015068528099
2314 0.7235206787225033 -2.1694547048524653
2316 0.7009933305239104 -2.1240584643270073
2318 0.6799002430306494 -2.0797731779703477
2320 0.6601400377756467 -2.03654704986023
2322 0.6416206455768705 -1.994329781794762
2324 0.624258379335675 -1.9530726499095574
2326 0.6079771117373739 -1.9127285437414692
2328 0.5927075454609072 -1.8732519761084996
2330 0.5783865650322542 -1.8345990704836495
2332 0.5649566608026897 -1.796727531181291
2334 0.5523654167167059 -1.7595966005842574
2336 0.5405650545760721 -1.7231670067687554
2338 0.5295120284170907 -1.6874009041817244
2340 0.519166663417657 -1.652261809461249
2342 0.5094928344510615 -1.6177145340434356
2344 0.500457680015613 -1.5837251148304894
2346 0.49203134780832675 -1.5502607439102876
2348 0.48418676868205823 -1.5172896980804829
2350 0.47689945614134777 -1.4847812687467368
2352 0.47014732889801364 -1.4527056926149757
2354 0.46391055433143125 -1.4210340834808302
2356 0.458171410984883 -1.389738365325039
2358 0.45291416848540245 -1.3587912068519148
2360 0.44812498350319174 -1.3281659575506628
2362 0.4437918105727237 -1.2978365853171037
2364 0.43990432678453467 -1.2677776156411273
2366 0.43645386952783327 -1.2379640723439251
2368 0.4334333866218464 -1.2083714198340922
2370 0.4308373983216403 -1.1789755068464942
2372 0.42866197082350854 -1.149752511625803
2374 0.42690470102914935 -1.1206788885249284
2376 0.42556471245800154 -1.091731315998666
2378 0.42464266232610565 -1.0628866459929558
2380 0.4241407599390432 -1.03412185475542
2382 0.42406279667850294 -1.005413995124911
2384 0.42441418799833375 -0.9767401504007659
2386 0.42520202798913687 -0.9480773899434529
2388 0.4264351572221768 -0.9194027267218016
2390 0.42812424474677424 -0.8906930771013107
2392 0.430281885291593 -0.8619252232615121
2394 0.4329227129135856 -0.833075778748301
2396 0.4360635325498994 -0.8041211578076439
2398 0.4397234711620553 -0.775037549320627
2400 0.4439241504208917 -0.7458008963699385
2402 0.448689883168086 -0.7163868827256432
2404 0.4540478962096869 -0.6867709278519811
2406 0.46002858235143324 -0.6569281924218832
2408 0.46666578497921707 -0.6268335967948613
2410 0.4739971189216874 -0.596461855491715
2412 0.4820643318097687 -0.565787531404324
2414 0.4909137106684639 -0.5347851143454124
2416 0.500596539038622 -0.5034291296073868
2418 0.511169610524983 -0.47169428350505976
2420 0.5226958052914717 -0.439555654484872
2422 0.5352447366559605 -0.4069889403560929
2424 0.5488934755470654 -0.37397077463158424
2426 0.5637273611285628 -0.34047912794958823
2428 0.5798409063049131 -0.3064938142238721
2430 0.5973388069957999 -0.27199712567807427
2432 0.6163370638648084 -0.23697462645383685
2434 0.6369642243993349 -0.20141614125897842
2436 0.6593627515775958 -0.1653169837911434
2438 0.6836905224129667 -0.1286794797310545
2440 0.710122454862084 -0.0915148512664707
2442 0.7388522541351845 -0.05384554471387932
2444 0.7700942582600503 -0.015708100170514952
2446 0.8040853463467316 0.022843317514476505
2448 0.84108684937045 0.06173258375475108
2450 0.8813863697627957 0.100856306374244
2452 0.9252993691582435 0.1400773480407387
2454 0.9731703187494785 0.17921695427388426
2456 1.0253731181820704 0.21804523824059197
2458 1.082310369910634 0.25626975956130504
2460 1.1444109387114727 0.29352194077374205
2462 1.2121250227793134 0.32934110814218065
2464 1.2859157074667087 0.3631560477028163
2466 1.3662456644622107 0.3942641685061165
2468 1.4535573087940445 0.42180871261800057
2470 1.5482443659936287 0.4447550105695662
2472 1.6506125019181694 0.4618676293856924
2474 1.760826556771151 0.4716914773710379
2476 1.8788422155489195 0.4725415688289413
2478 2.0043209578181442 0.46250818637158275
2480 2.136529283042145 0.43948641213277534
2482 2.274226971593889 0.4012409385616066
2484 2.4155548608204374 0.3455177854479428
2486 2.557940179621086 0.2702126082120864
2488 2.6980458301124948 0.17359890248982637
2490 2.8317965893779777 0.05460706912866222
2492 2.954515852135933 -0.08687306297272097
2494 3.0611962839697413 -0.24971507272153462
2496 3.1469032422493797 -0.4313703236235768
2498 3.2072728637972654 -0.6278431582850401
2500 3.239027082233314 -0.8338759493912332
2502 3.240401997491982 -1.043348243245151
2504 3.211390004780864 -1.2498363399141
2506 3.153735155103289 -1.4472306161673885
2508 3.070683673002914 -1.630289475730228
2510 2.966553068967516 -1.795029654819573
2512 2.846220113878731 -1.9389027595025103
2514 2.714629705835294 -2.060765192324608
2516 2.576399683735604 -2.160691722678013
2518 2.4355571955265956 -2.2397014444642886
2520 2.2954062991835182 -2.299460729631375
2522 2.1585031314637106 -2.342010247190965
2524 2.026705560616897 -2.369542123388502
2526 1.901265245084959 -2.3842355768248837
2528 1.782936587896315 -2.388147568018976
2530 1.6720852075987915 -2.383148972370552
2532 1.5687858491012472 -2.3708949986675996
2534 1.4729051538504065 -2.3528193087250515
2536 1.3841683184912332 -2.3301431770558585
2538 1.3022107364716615 -2.3038931815770347
2540 1.2266166895232746 -2.2749228719397947
2542 1.1569474400287705 -2.2439354373020373
2544 1.0927609746461286 -2.2115055665805325
2546 1.0336253670218274 -2.178099512777189
2548 0.9791273857997935 -2.144092914508462
2550 0.9288776403137411 -2.1097862664660822
2552 0.882513261712406 -2.075418128151778
2554 0.8396988724139476 -2.0411762642648785
2556 0.8001264012706549 -2.0072069547619393
2558 0.7635141500879501 -1.9736227214046835
2560 0.7296054018913454 -1.940508706204827
2562 0.6981667752734582 -1.9079279155530102
2564 0.6689864658086233 -1.8759255181440746
2566 0.6418724694859892 -1.8445323586789353
2568 0.6166508500591967 -1.8137678247029057
2570 0.593164088775685 -1.7836421817782664
2572 0.5712695385617237 -1.7541584728228217
2574 0.5508379934632316 -1.7253140608559576
2576 0.5317523765481172 -1.6971018803915545
2578 0.5139065445001257 -1.669511451014087
2580 0.49720420400973425 -1.6425296969725405
2582 0.4815579332295937 -1.6161416086220504
2584 0.46688830061458986 -1.5903307749741808
2586 0.4531230731125524 -1.5650798112314779
2588 0.4401965057151247 -1.540370700785732
2590 0.42804870466848516 -1.5161850675681594
2592 0.41662505708468545 -1.4925043917134593
2594 0.40587572021437796 -1.4693101791135552
2596 0.3957551641961167 -1.4465840934925174
2598 0.3862217626535459 -1.4243080580494187
2600 0.3772374260518286 -1.4024643324243264
2602 0.36876727323463476 -1.381035569687438
2604 0.36077933703848525 -1.360004857193229
2606 0.35324430031723375 -1.3393557444373398
2608 0.34613525910671744 -1.3190722604805298
2610 0.33942751001917426 -1.2991389230356316
2612 0.33309835927943054 -1.2795407409278887
2614 0.32712695110439804 -1.2602632113261663
2616 0.32149411338559436 -1.2412923128838913
2618 0.31618221886447523 -1.2226144957186837
2620 0.31117506019486824 -1.2042166689857128
2622 0.3064577374685519 -1.1860861866587318
2624 0.30201655694148677 -1.168210832016349
2626 0.2978389398410485 -1.1505788012354479
2628 0.29391334026223803 -1.1331786864168572
2630 0.290229171272928 -1.115999458302838
2632 0.28677673844907753 -1.0990304488957454
2634 0.2835471801494981 -1.0822613341432643
2636 0.2805324139194591 -1.0656821168222566
2638 0.27772508848274974 -1.0492831097245825
2640 0.275118540845574 -1.033054919226798
2642 0.27270675809170797 -1.016988429306954
2644 0.27048434349960765 -1.0010747860587121
2646 0.268446486657772 -0.9853053827418581
2648 0.26658893729598176 -0.9696718454002982
2650 0.26490798258786136 -0.9541660190738053
2652 0.263400427714232 -0.9387799546255609
2654 0.26206357950839715 -0.9235058962066237
2656 0.2608952330333349 -0.9083362693781293
2658 0.2598936609679802 -0.89326366991428
2660 0.259057605704767 -0.8782808533115509
2662 0.25838627408462606 -0.8633807250353002
2664 0.2578793347182271 -0.8485563315401399
2666 0.2575369178640724 -0.833800852109275
2668 0.2573596178549731 -0.8191075915664572
2670 0.25734849808536775 -0.8044699739267428
2672 0.25750509859178733 -0.7898815370644948
2674 0.25783144627928933 -0.7753359284940644
2676 0.2583300678665182 -0.7608269023760245
2678 0.2590040056423536 -0.7463483178839281
2680 0.25985683614741756 -0.7318941390913957
2682 0.26089269191415565 -0.7174584365681514
2684 0.26211628642003926 -0.703035390907677
2686 0.26353294242897884 -0.6886192984481938
2688 0.2651486239171045 -0.6742045794938699
2690 0.2669699717991786 -0.6597857893965328
2692 0.2690043436920313 -0.6453576329190813
2694 0.27125985796969965 -0.6309149823735497
2696 0.2737454423820399 -0.61645290010911
2698 0.2764708875219523 -0.601966666022599
2700 0.27944690543636747 -0.5874518108752955
2702 0.2826851936794176 -0.5729041563301638
2704 0.2861985051017296 -0.5583198627747523
2706 0.2900007236536673 -0.5436954861700788
2708 0.29410694644933155 -0.5290280453681229
2710 0.29853357228685334 -0.5143151015760777
2712 0.3032983967424878 -0.49955485191446014
2714 0.30842071384377395 -0.4847462393289011
2716 0.3139214241688905 -0.46988908147133635
2718 0.3198231490036133 -0.4549842215737813
2720 0.32615034989607183 -0.4400337048005122
2722 0.33292945256244466 -0.4250409840853623
2724 0.3401889735881654 -0.4100111600432192
2726 0.347959647705268 -0.3949512601875399
2728 0.35627455256890317 -0.3798705633846933
2730 0.36516922685383907 -0.36478097621912686
2732 0.37468177608681824 -0.3496974687128806
2734 0.3848529588505398 -0.3346385776001236
2736 0.3957262437558787 -0.3196269860554935
2738 0.4073478247835293 -0.30469018932678266
2740 0.41976657913437454 -0.28986125601737145
2742 0.43303394748336976 -0.27517969463060116
2744 0.4472037113827299 -0.26069243419890314
2746 0.4623316364033916 -0.2464549260550006
2748 0.4784749423627304 -0.2325323706386966
2750 0.49569155365931705 -0.21900106811359166
2752 0.5140390734412946 -0.20594988377996754
2754 0.5335734153865679 -0.19348180793230121
2756 0.5543470168952304 -0.1817155738632353
2758 0.5764065485575036 -0.17078727596461407
2760 0.5997900285587094 -0.16085190107575553
2762 0.6245232497613317 -0.15208464925768234
2764 0.6506154351571093 -0.1446818743596814
2766 0.6780540590428173 -0.13886142036380214
2768 0.7067988127394045 -0.13486206850629223
2770 0.7367747620530435 -0.1329417472260879
2772 0.7678648462933246 -0.13337410060810573
2774 0.7999020115102881 -0.13644297481173878
2776 0.8326614556720178 -0.1424343855957937
2778 0.8658536849454136 -0.1516255987783185
2780 0.8991193195861488 -0.16427111800913735
2782 0.9320268093171236 -0.18058565713205954
2784 0.9640743653746698 -0.20072459241446355
2786 0.9946974156191626 -0.22476293254061427
2788 1.0232826591992674 -0.2526744610687615
2790 1.0491892721960228 -0.2843132962793205
2792 1.071776976253773 -0.3194005281831307
2794 1.090439589924763 -0.357518658442525
2796 1.1046415005010017 -0.39811613571420745
2798 1.113953477188219 -0.440523283102811
2800 1.1180836875068438 -0.48397943745323224
2802 1.1168999180186492 -0.5276694086304412
2804 1.1104399264365477 -0.5707657907512735
2806 1.0989084394907307 -0.6124726068133344
2808 1.0826612329135876 -0.6520655231814037
2810 1.0621785523663225 -0.688924498073214
2812 1.0380314552478114 -0.7225560576212852
2814 1.0108452295041297 -0.7526040792965203
2816 0.9812638507314089 -0.7788496087092378
2818 0.9499186404333646 -0.8012015179546246
2820 0.9174031626421403 -0.8196805581152522
2822 0.8842552282790478 -0.8343995541399432
2824 0.8509458841353535 -0.8455422474621724
2826 0.8178745627717218 -0.8533427782908319
2828 0.7853691825917902 -0.858067182260659
2830 0.7536898694013674 -0.8599976837498309
2832 0.7230350458377935 -0.8594200781477176
2834 0.6935488232933933 -0.8566141385377589
2836 0.6653288656889991 -0.8518467560359597
2838 0.6384341287707671 -0.8453674059582079
2840 0.6128920849506106 -0.8374054956737214
2842 0.5887052098925889 -0.8281691668263149
2844 0.5658566312629322 -0.8178451717075751
2846 0.544314926471306 -0.8065995040906427
2848 0.5240381116660241 -0.7945785275752575
2850 0.5049768960583677 -0.7819104028199746
2852 0.4870772905451108 -0.7687066656398274
2854 0.47028266310872774 -0.7550638497226076
2856 0.45453532986048 -0.7410650808871259
2858 0.4397777629482156 -0.7267815952874667
2860 0.4259534870154733 -0.7122741529630865
2862 0.41300772585943046 -0.697594331878945
2864 0.40088785124825504 -0.6827856972349352
2866 0.38954367698744446 -0.6678848473254341
2868 0.3789276334919595 -0.6529223414042993
2870 0.36899485137985705 -0.6379235174962749
2872 0.35970317691603026 -0.6229092093871145
2874 0.3510131374091381 -0.6078963724938201
2876 0.34288787078861055 -0.5928986282396711
2878 0.33529303044108727 -0.5779267361380735
2880 0.3281966738524587 -0.5629890021634133
2882 0.32156914158027583 -0.5480916312599625
2884 0.315382931477768 -0.5332390310738687
2886 0.30961257182956836 -0.5184340732361569
2888 0.30423449607227887 -0.5036783178011175
2890 0.29922692100686715 -0.4889722057716834
2892 0.2945697298193417 -0.4743152240292513
2894 0.2902443607746373 -0.459706046431892
2896 0.28623370210653637 -0.4451426543511177
2898 0.2825219933707692 -0.43062243948193596
2900 0.27909473333925167 -0.4161422913763949
2902 0.27593859437677004 -0.40169867181684293
2904 0.2730413431447924 -0.38728767785243534
2906 0.27039176741119164 -0.3729050950695963
2908 0.26797960870253124 -0.3585464424474741
2910 0.26579550051104434 -0.34420700996033676
2912 0.26383091175715945 -0.3298818899248469
2914 0.26207809520708336 -0.3155660029497723
2916 0.26053004055076956 -0.301254119223864
2918 0.25918043185639456 -0.28694087577379684
2920 0.25802360913192796 -0.27262079023377067
2922 0.25705453374108755 -0.25828827159186557
2924 0.2562687574393592 -0.24393762831108876
2926 0.25566239481463016 -0.2295630741670232
2928 0.25523209893664156 -0.21515873209420552
2930 0.25497504003883986 -0.20071863629177525
2932 0.25488888707553986 -0.1862367328027023
2934 0.25497179201638215 -0.1717068787496928
2936 0.2552223767585444 -0.1571228403849144
2938 0.25563972255566886 -0.14247829008691512
2940 0.25622336187998496 -0.12776680241963098
2942 0.25697327265194425 -0.11298184935133411
2944 0.25788987478878533 -0.09811679471726244
2946 0.2589740290405871 -0.08316488799811314
2948 0.260227038099535 -0.06811925747666069
2950 0.26165064998511445 -0.052972902826487485
2952 0.26324706372543305 -0.0377186871808006
2954 0.265018937372426 -0.022349328723978594
2956 0.26696939840703815 -0.006857391845387242
2958 0.2691020566092688 0.008764722107444362
2960 0.2714210194877032 0.024524784439600968
2962 0.27393091038404305 0.04043074904622788
2964 0.2766368893900961 0.05649076263715626
2966 0.2795446772384444 0.07271317520545523
2968 0.2826605823531055 0.0891065506911394
2970 0.28599153127414767 0.10567967778371828
2972 0.28954510269970235 0.12244158079788083
2974 0.29332956542130956 0.1394015305443276
2976 0.29735392046386794 0.15656905510291425
2978 0.30162794778030205 0.1739539503869224
2980 0.3061622578935621 0.19156629036523007
2982 0.31096834892582553 0.20941643678246233
2984 0.3160586695061889 0.22751504818508214
2986 0.32144668810553806 0.24587308802281058
2988 0.3271469694103923 0.2645018315495899
2990 0.33317525841722945 0.28341287119266056
2992 0.33954857300596497 0.30261811999400595
2994 0.3462853058361644 0.32212981264966734
2996 0.35340533650382316 0.3419605035810626
2998 0.36093015499940595 0.36212306136050004
3000 0.3688829976218957 0.3826306586833426
