20 4.577713106403042 -28.09673856624212
22 3.9785303762002098 -25.738028653438146
24 3.4998210939878587 -23.74733662486569
26 3.1101608036405897 -22.04410919976001
28 2.7879441266771874 -20.569779124020688
30 2.5178736068993883 -19.280727565269082
32 2.2888438444940244 -18.143790719009637
34 2.0926171428278417 -17.133297745462578
36 1.9229671861993136 -16.229063314150462
38 1.7751095344679146 -15.414993721960395
40 1.6453134267181058 -14.678098131994481
42 1.5306313611894964 -14.007773741739408
44 1.4287070445049481 -13.395280142756699
46 1.3376366176458678 -12.833346854046953
48 1.2558668025383515 -12.31587621681429
50 1.1821190815205918 -11.837715641801763
52 1.1153325234022757 -11.39448101079567
54 1.0546201582882626 -10.98241829898257
56 0.9992353271312984 -10.598294094610514
58 0.9485454640191978 -10.239308206186053
60 0.9020114791410052 -9.903023322977884
62 0.8591714058047691 -9.587307965490984
64 0.8196273252161914 -9.290289883321208
66 0.7830348335273678 -9.010317732507788
68 0.7490944972678936 -8.745929364141107
70 0.7175448761812425 -8.495825429608036
72 0.6881567907379128 -8.258847289916115
74 0.6607285849014336 -8.033958431217062
76 0.6350821899078232 -7.820228753425558
78 0.6110598366971074 -7.61682122629778
80 0.5885212966788645 -7.422980506594609
82 0.5673415551987936 -7.238023187820585
84 0.5474088412358266 -7.061329415487419
86 0.5286229518260783 -6.892335649684942
88 0.5108938214763431 -6.730528395704082
90 0.4941402961357099 -6.57543875482708
92 0.47828907869470405 -6.426637672640212
94 0.46327381889991137 -6.283731782802048
96 0.44903432533013027 -6.146359760899035
98 0.43551588092205423 -6.014189116752911
100 0.42266864665455234 -5.8869133648232514
102 0.4104471405415683 -5.764249521654771
104 0.3988097811678184 -5.645935887068416
106 0.3877184867123004 -5.531730072220011
108 0.3771383218196933 -5.4214072430327995
110 0.36703718584814926 -5.314758552023641
112 0.357385536999459 -5.211589735342017
114 0.3481561476482018 -5.111719855040376
116 0.33932388686788045 -5.014980169316767
118 0.3308655267247493 -4.921213115774528
120 0.3227595693918265 -4.830271394708469
122 0.3149860925425748 -4.742017141111339
124 0.30752661083078003 -4.656321175522697
126 0.30036395155550144 -4.573062325093731
128 0.29348214286196306 -4.492126807293579
130 0.2868663130421421 -4.413407669604413
132 0.2805025996834198 -4.336804279353622
134 0.27437806757089506 -4.262221858513559
136 0.26848063438510444 -4.1895710589066715
138 0.26279900335343637 -4.118767573766259
140 0.25732260211652486 -4.049731782070205
142 0.25204152715681605 -3.9823884224576664
144 0.24694649321473552 -3.916666293887971
146 0.24202878718358892 -3.852497980512782
148 0.2372802260324059 -3.78981959849614
150 0.23269311835709394 -3.7285705627624806
152 0.22826022920410047 -3.6686933718575276
154 0.22397474785047083 -3.610133409295242
156 0.2198302582582235 -3.552838759926837
158 0.21582071195070437 -3.4967600400201255
160 0.21194040308593784 -3.441850239856886
162 0.20818394552503297 -3.3880645777832283
164 0.20454625171472826 -3.335360364741296
166 0.20102251322135856 -3.283696878408703
168 0.19760818277036019 -3.2330352461536407
170 0.1942989576593294 -3.1833383360838985
172 0.1910907644262694 -3.134570655537782
174 0.1879797446659589 -3.0866982564235075
176 0.18496224189714836 -3.03968864686311
178 0.18203478939374457 -2.993510708652633
180 0.17919409890002772 -2.948134620084154
182 0.17643705015830394 -2.9035317837218684
184 0.17376068118376214 -2.8596747587574067
186 0.17116217922685611 -2.816537197594973
188 0.16863887236978614 -2.7740937863600426
190 0.16618822170737318 -2.7323201890334
192 0.16380781406829223 -2.691192994953774
194 0.1614953552351371 -2.650689669437619
196 0.15924866362660905 -2.6107885072978347
198 0.15706566440758965 -2.5714685890496085
200 0.15494438399607696 -2.5327097396178733
202 0.15288294493842866 -2.4944924893665616
204 0.1508795611272444 -2.4567980372880847
206 0.1489325333375678 -2.4196082162065746
208 0.14704024505993915 -2.3829054598502637
210 0.14520115861025443 -2.346672771664985
212 0.14341381149793556 -2.31089369525785
214 0.14167681303586208 -2.275552286346656
216 0.1399888411762921 -2.2406330861212425
218 0.13834863955891719 -2.2061210959190625
220 0.13675501475811033 -2.1720017531246114
222 0.13520683371723938 -2.1382609082074735
224 0.13370302135935108 -2.104884802824277
226 0.13224255836423598 -2.0718600489117036
228 0.13082447910278014 -2.0391736086982983
230 0.12944786972020228 -2.0068127755746166
232 0.12811186636070557 -1.9747651557620307
234 0.1268156535265041 -1.9430186507185776
236 0.12555846256522693 -1.9115614402353123
238 0.12433957027976794 -1.8803819661670196
240 0.12315829765562616 -1.8494689167527363
242 0.1220140087012814 -1.8188112114790738
244 0.12090610939737022 -1.7883979864437267
246 0.1198340467512236 -1.7582185801797352
248 0.11879730795383096 -1.7282625198977628
250 0.11779541963617655 -1.6985195081113476
252 0.11682794722321331 -1.6689794096102732
254 0.11589449438333796 -1.6396322387401892
256 0.11499470257231376 -1.6104681469673714
258 0.1141282506702467 -1.5814774106792495
260 0.11329485471160815 -1.5526504192050126
262 0.11249426770770371 -1.5239776630128705
264 0.11172627956199627 -1.4954497220599505
266 0.11099071707918176 -1.4670572542617228
268 0.1102874440686153 -1.4387909840511939
270 0.10961636154424799 -1.4106416909983044
272 0.10897740802248833 -1.3826001984590295
274 0.10837055992075376 -1.3546573622235127
276 0.10779583205965583 -1.326804059135985
278 0.10725327827201453 -1.2990311756489397
280 0.10674299212303767 -1.271329596287942
282 0.10626510774596079 -1.243690191987893
284 0.10581980079840764 -1.2161038082735902
286 0.1054072895453363 -1.188561253243885
288 0.10502783607519448 -1.1610532853318918
290 0.10468174765628269 -1.1335706007968567
292 0.10436937824190572 -1.106103820912302
294 0.10409113013285935 -1.0786434788130363
296 0.10384745580759416 -1.0511800059517262
298 0.103638859930992 -1.0237037181276476
300 0.1034659015538336 -0.9962048010347938
302 0.10332919651667648 -0.9686732952811495
304 0.10322942007269177 -0.9410990808271728
306 0.10316730974629026 -0.9134718607825679
308 0.10314366844502282 -0.885781144504193
310 0.10315936784520931 -0.8580162299293832
312 0.10321535207297826 -0.8301661850699003
314 0.1033126417050156 -0.802219828599543
316 0.1034523381157741 -0.77416570944502
318 0.10363562820067207 -0.7459920853008084
320 0.10386378950783975 -0.7176868999653832
322 0.10413819581462529 -0.6892377594030743
324 0.10446032318855164 -0.6606319064142133
326 0.10483175657701695 -0.6318561937986721
328 0.10525419697472407 -0.6028970558725527
330 0.10572946922290719 -0.5737404782056051
332 0.10625953050094278 -0.5443719654124776
334 0.10684647957700961 -0.5147765068333476
336 0.10749256689265861 -0.4849385399127796
338 0.10820020556388342 -0.45484191107650984
340 0.10897198339176158 -0.4244698338763699
342 0.10981067598559094 -0.393804844158487
344 0.11071926111420449 -0.3628287519863941
346 0.11170093441498039 -0.3315225900135337
348 0.11275912660504299 -0.2998665579820737
350 0.11389752235785287 -0.2678399629788917
352 0.11512008102760432 -0.2354211550516462
354 0.1164310594275066 -0.202587457735047
356 0.11783503689367737 -0.16931509299615793
358 0.11933694289704183 -0.135579100049799
360 0.12094208749883954 -0.1013532474371517
362 0.12265619498579738 -0.06660993768665088
364 0.12448544106525547 -0.031320103804428456
366 0.12643649405314925 0.004546903252703965
368 0.12851656054726526 0.04102343705892576
370 0.1307334361479851 0.07814368922143396
372 0.13309556186833724 0.11594383507536027
374 0.13561208696924557 0.15446219291512311
376 0.13829293906322634 0.19373939824828948
378 0.14114890245719497 0.23381859476650238
380 0.1441917058519861 0.2747456439377862
382 0.14743412068939932 0.3165693553734301
384 0.1508900716410468 0.3593417404128851
386 0.15457476097190467 0.4031182917007107
388 0.15850480879466444 0.4479582919065914
390 0.16269841156404508 0.49392515518056973
392 0.16717552155812673 0.5410868054522378
394 0.17195805056548052 0.5895160962624466
396 0.17707010156033565 0.6392912775175875
398 0.18253823282420034 0.690496515344418
400 0.1883917597836024 0.743222472179253
402 0.19466310081134308 0.7975669553082695
404 0.20138817442303222 0.8536356433757174
406 0.20860685673627874 0.9115429018904122
408 0.21636350981217772 0.9714127005604516
410 0.2247075936378339 1.03337964739847
412 0.2336943771407812 1.097590157061251
414 0.24338576686694824 1.164203773876852
416 0.25385127597076756 1.2333946735775632
418 0.265169161162384 1.3053533720232855
420 0.27742776149790516 1.3802886742979572
422 0.2907270807422958 1.4584299037038921
424 0.30518066492852347 1.5400294575644413
426 0.32091783929093054 1.625365745637597
428 0.33808638477328734 1.7147465777528934
430 0.35685575485473503 1.8085130802749911
432 0.3774209599696041 1.9070442368676024
434 0.40000728123625134 2.0107621681711665
436 0.4248760202436762 2.1201382883107156
438 0.4523315509044195 2.23570050435168
440 0.4827300179135556 2.3580416588292303
442 0.5164901312386169 2.4878294564583534
444 0.5541066471612668 2.6258181647916587
446 0.5961673177963297 2.7728624357702825
448 0.6433743528294529 2.9299336606272948
450 0.6965717984481612 3.09813934257494
452 0.7567807414268837 3.278746045151117
454 0.8252449531775228 3.473206537110405
456 0.9034905915021973 3.683191783441478
458 0.9934050146937046 3.9106283792324033
460 1.0973418412630065 4.157741797861761
462 1.2182624243015103 4.42710525556842
464 1.359928382272871 4.7216927547769005
466 1.52716646869952 5.044932340400124
468 1.726236975772235 5.400750605953465
470 1.9653516835002456 5.793589745589443
472 2.255409381205861 6.228359540777782
474 2.6110490545923986 6.710249910082402
476 3.052165290690827 7.244257852168941
478 3.6060848761469626 7.834141733437564
480 4.310646753076962 8.480239274112712
482 5.2183771343693115 9.175048123601142
484 6.401543439164252 9.894460673826266
486 7.956340105083332 10.58083879596477
488 9.999833572690068 11.112030445160261
490 12.64155873609456 11.251407502956912
492 15.889985733134525 10.592438294515842
494 19.44707192589202 8.581237865100293
496 22.47159779175449 4.8152908518772986
498 23.755649753514387 -0.3332985616848754
500 22.661739052931026 -5.5157672119107675
502 19.79615625594643 -9.374193210203376
504 16.347012551865607 -11.511292821106162
506 13.155328524038746 -12.301248016039501
508 10.531914623928074 -12.279855520599233
510 8.482838547754223 -11.847188356151893
512 6.909537538852511 -11.240185692438523
514 5.7018675551367455 -10.58387110962489
516 4.767601083102358 -9.939166252184911
518 4.036597602898803 -9.333071929726787
520 3.4573934771108754 -8.775408422584377
522 2.992621109241269 -8.267622244307647
524 2.6151064734541754 -7.807307093802496
526 2.3049421175117235 -7.390486885703066
528 2.047395080984715 -7.0127446985212885
530 1.8314375713249742 -6.669759628467448
532 1.6487184315638888 -6.357541631918533
534 1.4928403746424794 -6.07251430419383
536 1.358848213901085 -5.811523253860494
538 1.242863040152208 -5.571810234171326
540 1.1418180016566863 -5.350973618859019
542 1.053265426093352 -5.14692554559119
544 0.9752345227959894 -4.957850666325897
546 0.9061253103370884 -4.78216863756914
548 0.8446287547730222 -4.618501046413478
550 0.7896660645178107 -4.465642758999346
552 0.7403421242656256 -4.322537353897303
554 0.6959094639277947 -4.1882561797273095
556 0.655740148900386 -4.061980554769278
558 0.6193036784562098 -3.9429866532791737
560 0.5861494791241036 -3.8306326704817524
562 0.5558929402063595 -3.7243479111808755
564 0.5282042004711822 -3.623623498440263
566 0.5027990870528025 -3.5280044455923774
568 0.47943174953079726 -3.4370828758612046
570 0.4578886379143227 -3.3504922090093645
572 0.4379835526608358 -3.2679021641107964
574 0.41955355491756846 -3.1890144524304245
576 0.40245557091290834 -3.113559055119783
578 0.38656355950357474 -3.041290997691161
580 0.3717661389427039 -2.9719875475012936
582 0.357964589957688 -2.905445772371817
584 0.34507116863808146 -2.841480408300165
586 0.33300767553115657 -2.77992199241076
588 0.32170423752436733 -2.720615224091798
590 0.3110982671820592 -2.663417522955844
592 0.30113357065098423 -2.6081977569821153
594 0.2917595804244715 -2.55483511818552
596 0.2829306934183111 -2.503218126473553
598 0.2746056981826737 -2.4532437451584963
600 0.26674727781061747 -2.4048165939442296
602 0.25932157733927413 -2.3578482472094917
604 0.2522978262679015 -2.312256607088384
606 0.2456480083209179 -2.2679653422879236
608 0.23934657182608224 -2.224903384798724
610 0.23337017510465674 -2.183004477696065
612 0.2276974621254246 -2.1422067681181907
614 0.22230886438574946 -2.102452440269494
616 0.2171864255778566 -2.0636873839469847
618 0.21231364610046088 -2.0258608946648407
620 0.20767534489277822 -1.988925401916212
622 0.2032575364256076 -1.9528362225505338
624 0.1990473209830447 -1.91755133659861
626 0.19503278662347212 -1.8830311831953488
628 0.19120292142499126 -1.8492384745221724
630 0.18754753480565295 -1.8161380259356341
632 0.18405718686672667 -1.7836966006508723
634 0.18072312484287617 -1.7518827675368223
636 0.17753722585937673 -1.7206667707356753
638 0.17449194529665119 -1.6900204099602363
640 0.17158027014941885 -1.6599169304501482
642 0.1687956768421388 -1.6303309216704254
644 0.16613209302687512 -1.601238223934101
646 0.1635838629474242 -1.5726158422198149
648 0.16114571600075867 -1.5444418665204847
650 0.1588127381709905 -1.516695398135068
652 0.1565803460477077 -1.4893564813687274
654 0.15444426317325205 -1.4624060401592935
656 0.1524004984924653 -1.4358258191989963
658 0.1504453267031969 -1.4095983291528873
660 0.14857527032844325 -1.3837067956244198
662 0.14678708335002164 -1.358135111538332
664 0.14507773626164389 -1.3328677926530397
666 0.14344440241367212 -1.307889935930633
668 0.141884445536169 -1.2831871805231891
670 0.140395408338427 -1.2587456711520733
672 0.13897500209394642 -1.234552023675552
674 0.13762109712959034 -1.2105932926601752
676 0.13633171414593265 -1.186856940781619
678 0.13510501630360996 -1.1633308098993158
680 0.13393930201739937 -1.1400030936581969
682 0.1328329984058272 -1.116862311483025
684 0.13178465534976674 -1.0938972838409498
686 0.13079294011861342 -1.0710971086560563
688 0.129856632527134 -1.048451138767292
690 0.1289746205903782 -1.0259489603301766
692 0.1281458966478577 -1.0035803720654768
694 0.12736955393182534 -0.981335365267479
696 0.12664478355767667 -0.9592041044857484
698 0.12597087191768738 -0.9371769088014611
700 0.12534719846213535 -0.9152442336206655
702 0.12477323385459806 -0.8933966529120198
704 0.12424853849082917 -0.8716248418169114
706 0.12377276137307985 -0.8499195595661245
708 0.12334563933427532 -0.8282716326308387
710 0.12296699660869248 -0.8066719380490245
712 0.12263674474834745 -0.7851113868562265
714 0.12235488288644142 -0.7635809075598212
716 0.12212149835182294 -0.7420714295909688
718 0.12193676764072504 -0.7205738666688016
720 0.12180095775462915 -0.6990791000115386
722 0.12171442791581458 -0.6775779613260654
724 0.12167763167476509 -0.6560612155086779
726 0.12169111942664737 -0.6345195429818592
728 0.12175554135728857 -0.612943521597042
730 0.12187165084229838 -0.5913236080209087
732 0.1220403083268203 -0.5696501185268908
734 0.12226248571725992 -0.5479132091038827
736 0.12253927132080715 -0.5261028547892387
738 0.1228718753733707 -0.5042088281306225
740 0.12326163620183232 -0.4822206766698867
742 0.12371002707244201 -0.46012769933696274
744 0.1242186637838393 -0.4379189216329311
746 0.12478931307031593 -0.4155830694709159
748 0.1254239018894329 -0.39310854153190894
750 0.12612452767702736 -0.3704833799819892
752 0.12689346966323012 -0.3476952393809331
754 0.1277332013547405 -0.3247313535998151
756 0.1286464043018177 -0.30157850054372093
758 0.12963598328336923 -0.27822296445976963
760 0.13070508306071685 -0.2546504955869269
762 0.13185710686969726 -0.23084626687738663
764 0.13309573684295808 -0.20679482749696623
766 0.134424956579548 -0.18248005277241183
768 0.1358490761073422 -0.1578850902282807
770 0.1373727595173396 -0.13299230130753126
772 0.13900105558648843 -0.107783198328396
774 0.14073943174937512 -0.08223837618348669
776 0.14259381182958783 -0.05633743822228786
778 0.14457061799982152 -0.03005891569994217
780 0.146676817506968 -0.0033801800989968467
782 0.14891997477719143 0.02372265245335171
784 0.15130830960659028 0.05127482554110605
786 0.15385076224987818 0.07930305656956706
788 0.15655706634323027 0.1078356617300493
790 0.15943783074332954 0.1369026930608938
792 0.16250463153571096 0.16653608900885497
794 0.16577011566664115 0.19676984007529685
796 0.16924811789102423 0.22764017134688044
798 0.17295379301000233 0.2591857439475882
800 0.1769037657069683 0.2914478777339326
802 0.1811163006882181 0.3244707978703204
804 0.1856114963106844 0.35830190829698805
806 0.19041150544871496 0.39299209553024433
808 0.19554078803647645 0.4285960667281833
810 0.20102640054884888 0.46517272653707525
812 0.20689832868142016 0.5027855978907372
814 0.21318987070418252 0.5415032927208571
816 0.21993808043961785 0.5814000394277219
818 0.2271842806238962 0.6225562750164236
820 0.23497465962730055 0.6650593110186065
822 0.24336096724398862 0.7090040837370781
824 0.2524013286460594 0.754494001008441
826 0.26216119980156266 0.8016418995853212
828 0.27271449290787064 0.8505711294658507
830 0.2841449069771738 0.9014167840590732
832 0.29654750700981697 0.9543270980205
834 0.31003060569907676 1.009465037947188
836 0.3247180149861169 1.067010114907649
838 0.3407517518945199 1.1271604519793887
840 0.3582953050804824 1.1901351444955626
842 0.3775375970041521 1.2561769554272297
844 0.39869781365148793 1.325555392863959
846 0.42203132218386613 1.3985702203647141
848 0.44783696065559353 1.4755554529528607
850 0.47646606836130795 1.5568838899506632
852 0.5083337378468059 1.6429722277943812
854 0.5439329203282447 1.7342867764717407
856 0.5838522194407499 1.8313497643104972
858 0.6287984836318228 1.9347461441402063
860 0.6796256827237359 2.045130687473558
862 0.7373720674947125 2.163234935862611
864 0.8033083154634842 2.289873209398521
866 0.8790003332066954 2.425946249855164
868 0.9663917101342445 2.572440028927677
870 1.0679126181651648 2.7304154896173776
872 1.1866243538735335 2.9009820145863974
874 1.3264118152892497 3.0852423779914067
876 1.4922399153558963 3.28418837585428
878 1.6904936673881203 3.49851174916565
880 1.9294235047319304 3.7282702195893034
882 2.2197121063271426 3.9723066587587113
884 2.57515369656376 4.227250513278727
886 3.013361344009397 4.48582266163975
888 3.5562258065386403 4.73401462210943
890 4.229407083783106 4.946566305194529
892 5.059222661970484 5.08024120364392
894 6.0637038816911595 5.065381837191727
896 7.232862963471758 4.799724977820633
898 8.49486489215786 4.156519539974746
900 9.679153022291157 3.028560536168792
902 10.520698716495012 1.4186268587881483
904 10.762718081089304 -0.47790221272209377
906 10.322645008317979 -2.3161064712930703
908 9.355438811106266 -3.785082829229296
910 8.136771595913105 -4.756479424687237
912 6.90487339236649 -5.274097934052384
914 5.794556245574838 -5.457687181622844
916 4.853405972361718 -5.427066975506093
918 4.0800592051349165 -5.272766082922055
920 3.453110019584809 -5.05450167194523
922 2.946545817392189 -4.8087206575591965
924 2.5362793217157913 -4.5565039254876005
926 2.2021769248223926 -4.309442355863041
928 1.9281711962150305 -4.073482443664508
930 1.701707635639586 -3.8512986384737866
932 1.5130565902264503 -3.643713977452525
934 1.3546858415432903 -3.450537139565525
936 1.2207472439033837 -3.2710502954950083
938 1.1066765600538915 -3.1042903290247734
940 1.0088886003537105 -2.949208410553464
942 0.924547280189619 -2.804758167547705
944 0.8513926825626255 -2.669942102305002
946 0.787610828861545 -2.543833768155498
948 0.7317352447204384 -2.4255860598625887
950 0.6825721715406359 -2.3144317441174187
952 0.6391434001203915 -2.209679845724909
954 0.6006422903437839 -2.110710009625739
956 0.5663997090499746 -2.0169660656406814
958 0.5358574722127699 -1.9279494889082809
960 0.5085475008434374 -1.8432131305910586
962 0.48407535553242487 -1.7623554048694512
964 0.4621071484753722 -1.6850150080301474
966 0.44235907772572036 -1.6108661825876294
968 0.4245890104141991 -1.5396145049973935
970 0.40858967713744726 -1.4709931581638662
972 0.3941831411405125 -1.4047596426320488
974 0.3812162823106046 -1.3406928788039971
976 0.3695570938937024 -1.278590654163851
978 0.35909163398625826 -1.2182673727580697
980 0.3497215077190046 -1.1595520681424463
982 0.34136178218559365 -1.1022866451279996
984 0.3339392564671844 -1.046324319640274
986 0.32739102496753497 -0.9915282296995344
988 0.32166328474955114 -0.9377701938479606
990 0.3167103474470404 -0.8849295963002481
992 0.31249382421022304 -0.8328923806617659
994 0.30898195848890603 -0.7815501362842749
996 0.3061490866147564 -0.7307992632429682
998 0.3039752103828244 -0.6805402035379985
1000 0.30244566937138995 -0.6306767275117292
1002 0.30155090374196597 -0.5811152656227243
1004 0.3012863008715924 -0.5317642766939407
1006 0.30165212149429727 -0.48253364454505643
1008 0.3026535031726779 -0.43333409558840336
1010 0.3043005409627246 -0.38407663049781177
1012 0.30660844716083097 -0.3346719635027467
1014 0.30959779410641597 -0.2850299632169071
1016 0.31329484623802717 -0.2350590892118318
1018 0.31773199005232017 -0.184665818816917
1020 0.3229482733895915 -0.13375405890030276
1022 0.32899006868185976 -0.08222453769606046
1024 0.33591187858314014 -0.029974172158560807
1026 0.3437773069208154 0.023104593099120718
1028 0.35266022336405023 0.077124478364721
1030 0.36264615684899626 0.13220409469518535
1032 0.3738339609456379 0.18846870300566312
1034 0.38633780438666815 0.24605100348613965
1036 0.40028955239969627 0.30509194832719666
1038 0.4158416199044115 0.3657415647177739
1040 0.43317039682906977 0.42815976632089153
1042 0.452480369725932 0.49251711877268156
1044 0.4740090936997062 0.558995506447537
1046 0.49803320584312366 0.6277886213584273
1048 0.5248757175805143 0.6991021570233563
1050 0.5549148804751431 0.7731535353056638
1052 0.5885949901419228 0.8501709150853239
1054 0.6264395777066937 0.9303911172795062
1056 0.6690675385876211 1.0140559352466765
1058 0.7172128628250553 1.1014060598752529
1060 0.771748753423496 1.19267150099567
1062 0.8337170332239761 1.2880568826599912
1064 0.9043638122202806 1.387719259993083
1066 0.9851823472857845 1.4917350527980808
1068 1.0779637441062813 1.6000511848323493
1070 1.1848553851415633 1.7124133912326802
1072 1.3084252832937915 1.8282617246159472
1074 1.451727198006446 1.946579410829786
1076 1.6183550199470453 2.0656764502818166
1078 1.8124635503882693 2.1828844226123825
1080 2.0387132669635255 2.2941360232443033
1082 2.3020650253283446 2.3934073635513906
1084 2.607303721141077 2.4720246520408904
1086 2.958110831416363 2.5179014319380677
1088 3.355457585737582 2.5149120711574358
1090 3.795122555840737 2.4428560515493403
1092 4.264395070544568 2.2788087909891828
1094 4.738708658114523 2.0008968163144516
1096 5.180098178326728 1.595163545310324
1098 5.540365862453121 1.06450526442815
1100 5.771036932067768 0.43573407785149953
1102 5.838171697129522 -0.2410302395988223
1104 5.734846699784099 -0.9035886684666011
1106 5.483401712506643 -1.4951075299864334
1108 5.12607958194935 -1.9783024119245045
1110 4.710491592427597 -2.339808284271979
1112 4.277858935831547 -2.5855931134070365
1114 3.8576115173487064 -2.7326834125078467
1116 3.4673239484266567 -2.801785812434396
1118 3.1153002454396925 -2.8126308855066675
1120 2.8036717964339783 -2.7818425308409718
1122 2.5309722653602034 -2.7224378359443944
1124 2.2939330001161378 -2.6441391989218284
1126 2.088599249102484 -2.5539760424714864
1128 1.9109609643974301 -2.456908833539195
1130 1.7572731544768123 -2.3563668706498992
1132 1.6241925515949143 -2.254672766544786
1134 1.5088128020480418 -2.1533615934640324
1136 1.4086478988746307 -2.0534140203651794
1138 1.3215923742789106 -1.9554236486171122
1140 1.245873805598142 -1.8597158069414748
1142 1.1800056120937132 -1.766431294142041
1144 1.1227438545251596 -1.6755851257966825
1146 1.0730494394279926 -1.5871075841651952
1148 1.030055940328517 -1.500872787990368
1150 0.9930426831630842 -1.416718478122571
1152 0.9614125162648633 -1.33445962601471
1154 0.9346736340781969 -1.2538977013942423
1156 0.9124248582944536 -1.174826893534272
1158 0.8943438517606673 -1.0970382011711834
1160 0.8801778240295209 -1.0203220414737137
1162 0.86973637045805 -0.9444698447613743
1164 0.8628861640456988 -0.8692749754616635
1166 0.8595472891646182 -0.7945332349275064
1168 0.859691069320433 -0.7200431474328445
1170 0.8633392983095936 -0.6456061999715393
1172 0.8705648371613928 -0.5710271953983798
1174 0.8814935896401245 -0.4961148853308281
1176 0.8963079181795087 -0.42068307452092807
1178 0.9152516108265472 -0.3445524347176785
1180 0.9386365581746482 -0.2675533383063902
1182 0.9668513460591673 -0.18953012812230668
1184 1.0003720112496584 -0.11034739134519696
1186 1.0397752356246375 -0.029899018706107398
1188 1.0857542543327545 0.051878872044323926
1190 1.1391376981133017 0.1349896571480763
1192 1.200911431775645 0.21935051540080225
1194 1.2722431085579307 0.30475650196599663
1196 1.3545084972338126 0.3908305519907638
1198 1.4493174309126577 0.4769542851893239
1200 1.558535113373258 0.5621729337655448
1202 1.6842909432471336 0.6450660846900497
1204 1.8289611642138943 0.7235747184924831
1206 1.9951024466569987 0.7947754255278048
1208 2.1852998265689823 0.8545971560987458
1210 2.4018738631852155 0.8974890735406733
1212 2.6463707737940854 0.916077873971566
1214 2.9187451352825273 0.9009103204055355
1216 3.216161561329421 0.8404716699355332
1218 3.5314361645621046 0.721797114983258
1220 3.851374972103025 0.5320960087773475
1222 4.155677269185884 0.26173870131955673
1224 4.41752796520549 -0.09152258345693526
1226 4.607061058929571 -0.5182424489278026
1228 4.697899982704071 -0.995159407781158
1230 4.674898564606133 -1.4876125622472938
1232 4.539403693458354 -1.956832892557644
1234 4.308957835009332 -2.369258534762763
1236 4.01156896593053 -2.703488229602057
1238 3.677798895996903 -2.9522004362716863
1240 3.3343403415765205 -3.1195923941023223
1242 3.000826348720958 -3.21681600812749
1244 2.6895235236879924 -3.257692282424164
1246 2.406644374267314 -3.255782045685656
1248 2.1541358518843032 -3.222869120542064
1250 1.931293030367851 -3.1684577357821953
1252 1.7359670448458422 -3.099842389589191
1254 1.5653686092680124 -3.022428294836032
1256 1.4165551599976012 -2.9401150579940634
1258 1.2866999429078247 -2.8556534910147215
1260 1.1732228731682162 -2.770942476429087
1262 1.0738394645989804 -2.6872613814886317
1264 0.9865643742748161 -2.605445487542061
1266 0.9096919479278621 -2.5260153898093276
1268 0.8417668263201687 -2.449271023475727
1270 0.7815518569723593 -2.375359301265881
1272 0.7279970728213526 -2.3043224241703517
1274 0.6802114871109598 -2.2361321996569017
1276 0.6374383352458233 -2.1707143024557314
1278 0.5990338034512741 -2.1079653390250463
1280 0.5644489964785407 -2.0477647776826187
1282 0.5332147781105887 -1.989983222794413
1284 0.5049290903124543 -1.93448809001487
1286 0.479246374459114 -1.8811474372902273
1288 0.45586875595812987 -1.829832490297076
1290 0.43453869808522033 -1.7804192468111166
1292 0.4150328749482754 -1.732789434518585
1294 0.39715705387304195 -1.6868310182685817
1296 0.38074181290147857 -1.6424383966615321
1298 0.36563894931381397 -1.5995123877224449
1300 0.35171846045480726 -1.557960074645752
1302 0.3388659992112481 -1.5176945619631512
1304 0.32698072385927296 -1.4786346776720285
1306 0.31597347625963845 -1.4407046462204551
1308 0.3057652340570677 -1.4038337496050886
1310 0.29628579208748457 -1.3679559883535968
1312 0.2874726360056602 -1.3330097502434899
1314 0.27926997753038985 -1.2989374918059566
1316 0.2716279259334287 -1.2656854356810041
1318 0.2645017746844187 -1.2332032854881276
1320 0.25785138568504196 -1.2014439589054113
1322 0.25164065642216205 -1.1703633389810482
1324 0.24583705775811915 -1.139920043253247
1326 0.24041123205082596 -1.1100752099668745
1328 0.23533664293116777 -1.0807923004982554
1330 0.2305892694222933 -1.0520369170005295
1332 0.22614733821593827 -1.0237766342440362
1334 0.22199108886314692 -0.995980844621879
1336 0.21810256742488174 -0.9686206153121697
1338 0.21446544478941185 -0.9416685566316604
1340 0.21106485641829698 -0.915098700660476
1342 0.207887260751028 -0.8888863892785904
1344 0.20492031389331686 -0.863008170806566
1346 0.20215275854852782 -0.837441704505709
1348 0.19957432543554363 -0.8121656722468783
1350 0.19717564567760523 -0.7871596967105497
1352 0.19494817285258578 -0.762404265535456
1354 0.19288411357053636 -0.7378806608757391
1356 0.1909763655953348 -0.7135708938760589
1358 0.1892184626560914 -0.6894576436114973
1360 0.18760452520535537 -0.6655242000786592
1362 0.18612921647688813 -0.6417544108574541
1364 0.18478770327884422 -0.6181326310952583
1366 0.18357562102966402 -0.594643676492619
1368 0.1824890426069145 -0.5712727789963482
1370 0.18152445063311912 -0.5480055449277134
1372 0.18067871287060258 -0.5248279152949742
1374 0.17994906043864078 -0.5017261280583198
1376 0.17933306860309042 -0.47868668213081794
1378 0.1788286399208369 -0.4556963029154323
1380 0.178433989550036 -0.432741909189559
1382 0.17814763256271857 -0.4098105811604505
1384 0.1779683731190104 -0.38688952952701305
1386 0.177895295382896 -0.3639660653880417
1388 0.1779277560779312 -0.3410275708484907
1390 0.17806537859834404 -0.3180614701795185
1392 0.1783080486066527 -0.2950552013929676
1394 0.1786559110633872 -0.2719961880961875
1396 0.17910936864817448 -0.2488718114948788
1398 0.17966908154435798 -0.22566938241524703
1400 0.1803359685718538 -0.20237611321554894
1402 0.18111120966509572 -0.17897908945928567
1404 0.18199624970467457 -0.15546524122025412
1406 0.18299280372351814 -0.13182131388884877
1408 0.18410286352044047 -0.1080338383447226
1410 0.18532870572629018 -0.08408910035869128
1412 0.18667290138104875 -0.05997310908097971
1414 0.18813832709350237 -0.03567156446809542
1416 0.18972817787000668 -0.011169823491889714
1418 0.1914459817138902 0.013547135032277235
1420 0.19329561611399884 0.03849474717011791
1422 0.19528132655927993 0.06368890233179818
1424 0.19740774723596613 0.08914598366813092
1426 0.19967992408630011 0.11488291061072178
1428 0.2021033404319618 0.14091718378045723
1430 0.2046839453929806 0.16726693250859767
1432 0.20742818536293992 0.1939509652318704
1434 0.21034303883595665 0.22098882304644776
1436 0.21343605491902565 0.24840083672905247
1438 0.2167153959072352 0.2762081875610423
1440 0.2201898843482664 0.30443297232129934
1442 0.2238690550786507 0.3330982728466127
1444 0.22776321277779418 0.3622282305955614
1446 0.23188349565848485 0.39184812669455094
1448 0.2362419459949892 0.4219844679865813
1450 0.2408515882854195 0.45266507965893726
1452 0.24572651595315617 0.48391920507687136
1454 0.25088198761816416 0.5157776135171408
1456 0.256334534112316 0.5482727165597155
1458 0.262102077580321 0.5814386939749334
1460 0.26820406420018506 0.615311630027046
1462 0.2746616122798868 0.6499296612034822
1464 0.2814976777478361 0.6853331364872467
1466 0.2887372393554717 0.7215647913963146
1468 0.2964075062638433 0.7586699371382477
1470 0.30453815109777566 0.7966966663625369
1472 0.3131615720343079 0.8356960771344257
1474 0.32231318805987463 0.8757225169149431
1476 0.3320317721985383 0.9168338484957281
1478 0.34235982830176953 0.959091740014818
1480 0.3533440179233406 1.002561981366744
1482 0.36503564490826546 1.047314829507439
1484 0.37749120663975744 1.0934253853458626
1486 0.390773022454482 1.1409740050929553
1488 0.4049499516085309 1.1900467491002023
1490 0.4200982154188902 1.2407358713434298
1492 0.4363023408980116 1.293140352769808
1494 0.4536562464422761 1.347366481695603
1496 0.47226449405092996 1.4035284842696583
1498 0.4922437372907304 1.4617492076347596
1500 0.5137243999757835 1.5221608577430596
1502 0.5368526275325188 1.5849057926749475
1504 0.5617925615568924 1.6501373705911717
1506 0.5887289985160461 1.7180208488883963
1508 0.6178705063451632 1.788734327361871
1510 0.6494530884043839 1.8624697227216496
1512 0.6837445036051373 1.9394337540196698
1514 0.7210493753382944 2.019848907432999
1516 0.7617152512222566 2.103954333127388
1518 0.8061398119390956 2.1920066047159485
1520 0.8547794721167391 2.284280240503059
1522 0.9081596711962253 2.3810678415184072
1524 0.9668872196513273 2.4826796390642314
1526 1.031665148071892 2.5894421565147483
1528 1.1033106057770838 2.701695565763763
1530 1.1827764734575987 2.819789142607734
1532 1.2711774910371294 2.944073975568586
1534 1.3698218542646396 3.0748917278476
1536 1.4802493915004493 3.2125577475804286
1538 1.6042775729009349 3.3573361040656455
1540 1.7440566812941554 3.50940310844249
1542 1.9021353987361822 3.6687944343580137
1544 2.081537671604083 3.835328924526989
1546 2.2858507173264013 4.0084993471189465
1548 2.5193219142839713 4.187316518783333
1550 2.7869581936369157 4.370088139812734
1552 3.0946139610515933 4.5541073911564975
1554 3.449040161605282 4.735219408798632
1556 3.8578442980906074 4.907228183857429
1558 4.329274181599837 5.061107314246943
1560 4.8716818016287196 5.1839964770261915
1562 5.492446508629005 5.258023210550528
1564 6.196051875798963 5.2591235950083774
1566 6.980969632327018 5.156295851580827
1568 7.835135285506411 4.912142024748885
1570 8.73033824506377 4.486059078364857
1572 9.61705895887697 3.841659696651517
1574 10.423085818157658 2.959104311291101
1576 11.060480147310809 1.8500737610513611
1578 11.443629920613906 0.5685902195505487
1580 11.51451990868901 -0.791452519734738
1582 11.263395588090868 -2.1161839755811767
1584 10.73229002319475 -3.30167526130117
1586 9.999151739539629 -4.2785927389492135
1588 9.152721692538119 -5.020608104331866
1590 8.271339857713869 -5.537263186116432
1592 7.412346013741341 -5.859663015342177
1594 6.611051247571677 -6.026983665570846
1596 5.88492384457869 -6.077462318179741
1598 5.23915032248059 -6.043939607750308
1600 4.671504480300968 -5.952542390676174
1602 4.1758777404195415 -5.823046145344802
1604 3.744550358447443 -5.6699116389186806
1606 3.369519403560944 -5.503445097947038
1608 3.043201160142294 -5.330837041770385
1610 2.7587513390109315 -5.157002850356869
1612 2.5101672489336275 -4.9852261881089035
1614 2.292274414173602 -4.817635532246969
1616 2.1006581376200972 -4.655549954856467
1618 1.9315739897217026 -4.499726797444919
1620 1.7818552677709893 -4.350537580676559
1622 1.6488262605147161 -4.2080922215158525
1624 1.5302250248628504 -4.072326360805753
1626 1.424136649089598 -3.9430625097871874
1628 1.3289366120686772 -3.8200526741274072
1630 1.2432432418114998 -3.703007897105141
1632 1.1658780762973784 -3.5916185751928595
1634 1.0958329354246643 -3.4855682706200173
1636 1.0322426140467278 -3.3845429470331005
1638 0.9743622428794911 -3.288236990563659
1640 0.9215485058942217 -3.1963569806051764
1642 0.8732440350019989 -3.10862389338791
1644 0.8289644194638414 -3.0247742224658163
1646 0.7882873671144427 -2.9445603591967773
1648 0.750843637955511 -2.8677504761305626
1650 0.7163094397209362 -2.794128084961695
1652 0.6844000316676822 -2.7234913899314503
1654 0.6548643290980246 -2.6556525213369904
1656 0.6274803387778273 -2.590436707962718
1658 0.6020512860290345 -2.5276814288014346
1660 0.5784023191534826 -2.467235571278592
1662 0.5563776970842826 -2.4089586138565653
1664 0.5358383826277803 -2.352719844265252
1666 0.5166599770911924 -2.2983976199498013
1668 0.4987309430587912 -2.2458786740701036
1670 0.4819510710598536 -2.195057468149105
1672 0.46623015323676653 -2.145835590948534
1674 0.45148683317955335 -2.0981212021539126
1676 0.43764760608766645 -2.051828518824218
1678 0.4246459475462786 -2.0068773421912054
1680 0.4124215526260411 -1.9631926222128968
1682 0.4009196698549272 -1.9207040572231067
1684 0.3900905169792898 -1.8793457260505362
1686 0.37988876740638144 -1.8390557500612188
1688 0.37027309787609786 -1.7997759826992192
1690 0.36120578929845587 -1.7614517242389944
1692 0.3526523738623179 -1.7240314596137225
1694 0.34458132250693285 -1.687466617336147
1696 0.33696376768137587 -1.6517113476783347
1698 0.3297732570248824 -1.6167223184251085
1700 0.3229855342007154 -1.5824585266512998
1702 0.31657834362884624 -1.548881125105057
1704 0.31053125629963874 -1.515953261900787
1706 0.30482551422422166 -1.4836399323352418
1708 0.2994438913989714 -1.451907841746266
1710 0.29437056943706563 -1.4207252784261697
1712 0.28959102625801986 -1.3900619956880127
1714 0.28509193643203995 -1.3598891022628312
1716 0.28086108195423753 -1.3301789602757168
1718 0.27688727237822974 -1.3009050901140593
1720 0.27316027337404003 -1.2720420815584328
1722 0.26967074289297954 -1.2435655106017838
1724 0.26641017422541474 -1.2154518614266703
1726 0.2633708453287012 -1.1876784530561295
1728 0.2605457738827723 -1.160223370230664
1730 0.25792867760227506 -1.1330653980977188
1732 0.2555139393981605 -1.1061839603330408
1734 0.25329657703862757 -1.0795590603382612
1736 0.2512722170111472 -1.0531712251852559
1738 0.24943707233463275 -1.0270014519989714
1740 0.24778792411402054 -1.001031156489608
1742 0.2463221066700879 -0.9752421233621436
1744 0.24503749611502898 -0.9496164583455733
1746 0.2439325022806227 -0.9241365415970252
1748 0.24300606394064964 -0.8987849822473714
1750 0.24225764730332777 -0.8735445738635277
1752 0.24168724778364892 -0.8483982506108758
1754 0.24129539509969156 -0.8233290439049512
1756 0.2410831617724865 -0.7983200393474007
1758 0.24105217514536315 -0.7733543337440574
1760 0.24120463307773002 -0.7484149920062163
1762 0.24154332350937843 -0.7234850037380954
1764 0.24207164813634643 -0.6985472393138771
1766 0.24279365048809848 -0.6735844052485567
1768 0.24371404874967198 -0.6485789986666539
1770 0.24483827373238914 -0.6235132606718158
1772 0.24617251246347632 -0.5983691284209737
1774 0.2477237579402902 -0.5731281857061356
1776 0.24949986568000995 -0.5477716118482926
1778 0.25150961779213904 -0.5222801287097238
1780 0.25376279541156843 -0.4966339456355457
1782 0.256270260455739 -0.4708127021443608
1784 0.25904404781417306 -0.4447954081965692
1786 0.2620974692450354 -0.41856038188951433
1788 0.265445230444946 -0.39208518445129437
1790 0.26910356298016547 -0.36534655244149566
1792 0.27309037302383415 -0.33832032711445886
1794 0.2774254091417876 -0.3109813809658569
1796 0.2821304517152542 -0.28330354157156673
1798 0.2872295269921352 -0.25525951294226085
1800 0.29274914922707773 -0.2268207947718519
1802 0.2987185949189556 -0.1979576001587091
1804 0.30517021379411496 -0.16863877263898008
1806 0.312139781931565 -0.13883170371724798
1808 0.3196669033017484 -0.10850225252086507
1810 0.3277954670144657 -0.07761466978350214
1812 0.33657416877022495 -0.046131529109794
1814 0.34605710641090026 -0.014013669442456002
1816 0.3563044611038362 0.018779846095054988
1818 0.36738327760436845 0.052291748182344076
1820 0.3793683592652246 0.08656654721470247
1822 0.3923432960378537 0.1216504755211198
1824 0.4064016466830961 0.1575913707356693
1826 0.42164829980810736 0.19443848058535096
1828 0.4382010421976743 0.23224216340634288
1830 0.45619236720456924 0.27105345096456557
1832 0.4757715606520001 0.31092343008907236
1834 0.497107106656234 0.3519023865275412
1836 0.5203894607344067 0.3940386373734783
1838 0.5458342420613951 0.43737695620329287
1840 0.5736858999971616 0.4819564661682563
1842 0.6042219107328484 0.5278078387433817
1844 0.637757556059031 0.5749495871976263
1846 0.6746513246239406 0.623383181084782
1848 0.7153109516649907 0.6730866275782522
1850 0.7602000684786719 0.7240060632460461
1852 0.8098453564203003 0.7760447717967489
1854 0.8648439749751459 0.8290488861791487
1856 0.9258708344925213 0.8827888466485165
1858 0.9936849756863664 0.9369354756454817
1860 1.0691338498916407 0.9910293136873253
1862 1.153153599030888 1.0444416793943692
1864 1.2467624275061706 1.0963258540041223
1866 1.3510427445595485 1.1455569983384446
1868 1.4671058535193389 1.1906601503602472
1870 1.5960305642161254 1.2297273483712419
1872 1.7387643898797118 1.2603282147628099
1874 1.8959735564028475 1.2794240724916548
1876 2.0678272607320984 1.2833047889341735
1878 2.2537050433953807 1.2675806080814496
1880 2.451827917212217 1.2272773552942693
1882 2.6588393077885457 1.1570983484044812
1884 2.869405042711405 1.0519201154018527
1886 3.0759598833228576 0.9075646239240002
1888 3.2687830113957843 0.721818500128272
1890 3.4365956643075894 0.49554242939399656
1892 3.567786788206193 0.23356221808312544
1894 3.652159257979527 -0.05505776639978026
1896 3.6828061028470955 -0.35767661408536505
1898 3.6575314835673103 -0.6596931896214153
1900 3.579296718867368 -0.9467313655912997
1902 3.455523164357102 -1.2067384543485684
1904 3.2965330661166523 -1.4313890991988343
1906 3.11368989880908 -1.616516907327454
1908 2.91778219194475 -1.7616865601990552
1910 2.7179618145645135 -1.8692574623155693
1912 2.5212789532128346 -1.943315451752018
1914 2.332680662322689 -1.988735597206575
1916 2.1552843413549634 -2.0104938360932905
1918 1.990762624307333 -2.0132358425726937
1920 1.8397314837361654 -2.0010550784080294
1922 1.70208578276507 -1.9774164966011014
1924 1.5772632661696309 -1.945169100384186
1926 1.4644387494670534 -1.9066051200769096
1928 1.3626594484952228 -1.8635380696545505
1930 1.2709347308521493 -1.817383323923902
1932 1.1882925559015536 -1.7692326767182358
1934 1.1138126118701792 -1.7199192207766125
1936 1.0466437454412858 -1.6700716813056915
1938 0.986011175988328 -1.6201587770476449
1940 0.9312173269504409 -1.5705248153925757
1942 0.8816388726775135 -1.5214179093201572
1944 0.8367217169176605 -1.473012154419736
1946 0.7959750064669322 -1.4254249522967464
1948 0.7589648675931354 -1.37873048261917
1950 0.7253082760170022 -1.3329701454783909
1952 0.6946672905104573 -1.2881606345578884
1954 0.6667437646182358 -1.2443001650266698
1956 0.6412745790256695 -1.2013732680207716
1958 0.6180273937990372 -1.1593544735227892
1960 0.5967968950479084 -1.1182111320738075
1962 0.5774014977648174 -1.0779055697165398
1964 0.5596804612140919 -1.0383967268416838
1966 0.5434913723490413 -0.9996413976338157
1968 0.5287079544406925 -0.9615951604830156
1970 0.5152181611908285 -0.9242130693442193
1972 0.5029225203271203 -0.8874501602647774
1974 0.49173269457193264 -0.8512618151048913
1976 0.4815702316751835 -0.8156040150386136
1978 0.4723654787540766 -0.7804335091143058
1980 0.4640566394202479 -0.7457079174863356
1982 0.4565889550741932 -0.7113857845315877
1984 0.4499139943108666 -0.6774265936468814
1986 0.44398903663001094 -0.643790752862016
1988 0.4387765386081196 -0.6104395583344967
1990 0.4342436723942964 -0.5773351411738807
1992 0.4303619278735698 -0.5444404017839287
1994 0.427106771125564 -0.5117189349260701
1996 0.42445735292149234 -0.4791349479364225
1998 0.4223962619736619 -0.44665317393059767
2000 0.42090931849976915 -0.41423878135759706
2002 0.41998540440929205 -0.38185728090186033
2004 0.4196163270787519 -0.3494744304467752
2006 0.41979671427087345 -0.31705613859720677
2008 0.4205239382839252 -0.2845683670903815
2010 0.4217980679034824 -0.2519770323022479
2012 0.42362184718049645 -0.21924790596961422
2014 0.42600070048673716 -0.18634651518780862
2016 0.42894276371096657 -0.15323804171533198
2018 0.4324589418648755 -0.11988722060840264
2020 0.4365629937765065 -0.08625823822753362
2022 0.441271644967842 -0.052314629701161304
2024 0.44660473025264263 -0.018019176000201493
2026 0.4525853680584792 0.016666199116725976
2028 0.4592401689844169 0.051780531895461335
2030 0.4665994816618189 0.0873639205349723
2032 0.47469767960379244 0.12345762547944565
2034 0.48357349342108985 0.16010416693525764
2036 0.49327039356308644 0.1973474181074893
2038 0.5038370296288153 0.23523269215842246
2040 0.5153277333030677 0.2738068202674527
2042 0.5278030931267897 0.3131182173826376
2044 0.541330610631416 0.3532169312521496
2046 0.5559854488805135 0.39415466906131436
2048 0.5718512861927627 0.4359847943950674
2050 0.5890212897990924 0.4787622852164302
2052 0.6075992264394166 0.5225436409743356
2054 0.6277007294568888 0.5673867236853044
2056 0.6494547448207195 0.6133505136805842
2058 0.6730051817073516 0.660494755429441
2060 0.6985127967844494 0.7088794621321763
2062 0.726157345120665 0.758564239218174
2064 0.7561400345877443 0.8096073759843767
2066 0.7886863245386573 0.862064640715414
2068 0.8240491131102091 0.915987696911405
2070 0.8625123601978957 0.971422035688735
2072 0.9043951941476059 1.0284042906947133
2074 0.9500565482441117 1.0869587653935933
2076 0.9999003662094939 1.1470929563649386
2078 1.0543814012647887 1.2087917979775362
2080 1.1140116065576802 1.272010280788076
2082 1.1793670695960146 1.336664005380742
2084 1.25109537057487 1.4026171223706183
2086 1.3299231309265087 1.4696669760002166
2088 1.416663345327706 1.5375246133461589
2090 1.5122218316216662 1.6057901482020567
2092 1.6176017530916655 1.6739217912161768
2094 1.7339046193733454 1.7411972037670111
2096 1.8623253974167617 1.8066657557646446
2098 2.004138295140077 1.8690903619690733
2100 2.1606683532326514 1.9268779969375047
2102 2.33324216048056 1.977998999759847
2104 2.5231088465159237 2.019897259237593
2106 2.7313202441821853 2.049396852617483
2108 2.9585573544459294 2.0626163600302485
2110 3.2048902039443528 2.0549105468579465
2112 3.4694619745350628 2.0208706678993305
2114 3.7500990941418597 1.954428415555544
2116 4.042870733332706 1.8491211914765067
2118 4.341656969441461 1.6985805967787224
2120 4.637833496614852 1.497289596595775
2122 4.920230858425105 1.2416017822859593
2124 5.175551147987462 0.9309192532418575
2126 5.389385228099641 0.5687959036588514
2128 5.547834912682785 0.16361928905086753
2130 5.639516068592353 -0.2714911622038799
2132 5.657483426558278 -0.7197770904308436
2134 5.6005155607596215 -1.162817834506264
2136 5.4733361990324445 -1.5829386168937905
2138 5.285697692077784 -1.965414418562087
2140 5.0506405732027435 -2.2999238344392134
2142 4.782468475518909 -2.581014217939672
2144 4.49495491654896 -2.8076840665344065
2146 4.200095805610503 -2.9824071868270416
2148 3.9074790855102695 -3.1099635922985964
2150 3.624168870806783 -3.1963549527525825
2152 3.3549287976980064 -3.2479524675110634
2154 3.1026150765570737 -3.2709145480809383
2156 2.868613650937824 -3.270844400806582
2158 2.6532461185824925 -3.2526299585634773
2160 2.4561094488156225 -3.220406648181532
2162 2.276340864487254 -3.177593747376878
2164 2.112813517542875 -3.1269686365424683
2166 1.9642745690634629 -3.0707555453847983
2168 1.8294384477267205 -3.01071483456016
2170 1.707046859390777 -2.948225378603801
2172 1.595905043080177 -2.8843567760758306
2174 1.494901601525244 -2.8199305689776906
2176 1.4030173279858167 -2.755570978932287
2178 1.319326915249905 -2.691746289832439
2180 1.2429962605413405 -2.628802218025872
2182 1.173277217744723 -2.5669885994514625
2184 1.109501030855513 -2.5064806030125673
2186 1.0510712496802121 -2.4473955171860053
2188 0.9974566308243001 -2.3898059885297505
2190 0.9481843253331447 -2.3337504343267983
2192 0.9028335202697899 -2.279241214636599
2194 0.8610296141506428 -2.22627103334655
2196 0.8224389506949966 -2.1748179424026524
2198 0.78676410136703 -2.124849245940755
2200 0.7537396674973876 -2.0763245388512734
2202 0.723128562420737 -2.0291980647586705
2204 0.6947187297038206 -1.983420539129651
2206 0.6683202528984709 -1.938940552204543
2208 0.6437628138477224 -1.8957056420177334
2210 0.6208934593971157 -1.8536631085410322
2212 0.59957463979444 -1.8127606248695143
2214 0.5796824856907173 -1.7729466894844303
2216 0.5611052942377889 -1.7341709542821795
2218 0.543742198173738 -1.6963844557051833
2220 0.5275019949222702 -1.659539770523814
2222 0.5123021155700571 -1.6235911132564684
2224 0.4980677161265226 -1.5884943886174772
2226 0.48473087572151574 -1.5542072095443167
2228 0.47222988837750224 -1.520688889112083
2230 0.4605086367278212 -1.4879004128682698
2232 0.44951603756730685 -1.4558043967185115
2234 0.4392055504397383 -1.424365034382161
2236 0.42953474161121014 -1.3935480375557452
2238 0.42046489677322235 -1.3633205712254641
2240 0.41196067668058245 -1.3336511860170048
2242 0.4039898106766987 -1.3045097490317348
2244 0.3965228237076478 -1.275867374274922
2246 0.38953279298737864 -1.2476963535034318
2248 0.3829951309659953 -1.2199700881074267
2250 0.37688739167578916 -1.1926630224671224
2252 0.37118909789977206 -1.1657505790935971
2254 0.36588158692792816 -1.1392090957560124
2256 0.36094787294732383 -1.113015764716496
2258 0.35637252435691574 -1.087148574129835
2260 0.3521415545126761 -1.061586251616789
2262 0.3482423245968196 -1.0363082099815035
2264 0.344663457471037 -1.0112944950168874
2266 0.3413947615197186 -0.9865257353197696
2268 0.33842716361917585 -0.9619830940239142
2270 0.3357526504843634 -0.9376482223478839
2272 0.33336421774763864 -0.913503214849246
2274 0.3312558262173726 -0.8895305662717241
2276 0.32942236484801607 -0.8657131298723594
2278 0.3278596200301842 -0.8420340771148573
2280 0.3265642508799355 -0.8184768586186817
2282 0.3255337702719264 -0.7950251662571268
2284 0.3247665314231198 -0.7716628963018825
2286 0.32426171989214553 -0.7483741135182344
2288 0.3240193509162861 -0.7251430161225478
2290 0.32404027206324554 -0.7019539015213356
2292 0.32432617122981755 -0.6787911327618344
2294 0.32487959007474176 -0.6556391056348428
2296 0.3257039430295201 -0.6324822163845452
2298 0.3268035420890582 -0.6093048299943234
2300 0.3281836276452143 -0.5860912490364989
2302 0.32985040569099283 -0.5628256830948497
2304 0.33181109179235396 -0.5394922187938006
2306 0.3340739622993747 -0.5160747904976206
2308 0.3366484133501422 -0.4925571517794971
2310 0.3395450283097735 -0.4689228478014445
2312 0.3427756543853614 -0.4451551887984344
2314 0.3463534892665811 -0.42123722492019994
2316 0.35029317876219335 -0.39715172275925703
2318 0.35461092653759624 -0.3728811439821737
2320 0.35932461720816355 -0.34840762658964386
2322 0.3644539542109868 -0.3237129694611077
2324 0.37002061406474446 -0.2987786209988285
2326 0.37604841883630397 -0.27358567287803615
2328 0.38256352886610284 -0.24811486014351067
2330 0.38959465806429794 -0.22234656917677403
2332 0.3971733143779074 -0.19626085540354674
2334 0.4053340683488923 -0.16983747303140131
2336 0.41411485303447565 -0.1430559196197458
2338 0.4235572989449814 -0.11589549891013547
2340 0.43370710807133345 -0.08833540610472086
2342 0.44461447151791456 -0.060354840715153624
2344 0.4563345357254517 -0.031933153236847686
2346 0.46892792274619044 -0.003050033296616978
2348 0.4824613105078893 0.02631425138319273
2350 0.49700807944249065 0.056178553783924536
2352 0.5126490322215965 0.08656047019838654
2354 0.5294731935740046 0.11747586959444434
2356 0.5475786971752323 0.14893830890500387
2358 0.5670737662716018 0.1809583088112966
2360 0.5880777938655007 0.21354245899383972
2362 0.6107225266972478 0.24669231504605513
2364 0.6351533545874357 0.28040304106649294
2366 0.6615307024895597 0.3146617421306653
2368 0.6900315162224647 0.34944541915624727
2370 0.7208508234550126 0.3847184649011782
2372 0.7542033379561583 0.4204296038290423
2374 0.7903250558742647 0.4565081603441245
2376 0.8294747658539664 0.4928595197203209
2378 0.8719353575153979 0.5293596246751283
2380 0.9180147618710318 0.5658483295065403
2382 0.9680462884996777 0.602121415785988
2384 1.0223880327881527 0.6379210634447753
2386 1.081420906761647 0.6729245762193447
2388 1.145544693375027 0.7067311924373043
2390 1.215171332267511 0.7388468883948259
2392 1.2907144140465485 0.7686672270997197
2394 1.372573596918807 0.7954585544614438
2396 1.4611123848667944 0.8183382432237416
2398 1.5566274656991443 0.836255286503074
2400 1.6593076832915652 0.8479734050789139
2402 1.7691808490533338 0.852059999856649
2404 1.8860471914116608 0.8468857526203061
2406 2.009399582209138 0.8306413548011715
2408 2.138333097867766 0.8013794477492494
2410 2.271450265965585 0.7570908384762558
2412 2.4067735890352036 0.6958235174010642
2414 2.541683182622049 0.6158497446670198
2416 2.6729032838207916 0.5158792439559381
2418 2.796564506535685 0.3953046951095373
2420 2.9083656260594197 0.2544501821385229
2422 3.0038460903816366 0.094777553332152
2424 3.078757325127022 -0.0810039040422655
2426 3.129490805484827 -0.2689750043543505
2428 3.1534930318447913 -0.4642193964740745
2430 3.1495844396811292 -0.6612006550448424
2432 3.1181105906657782 -0.8542490619684505
2434 3.0608899577771074 -1.0380712379691168
2436 2.9809717004009153 -1.2081890767497738
2438 2.8822607114835486 -1.3612361255863894
2440 2.7690903913454874 -1.4950799601470126
2442 2.645820960653758 -1.6087817351454152
2444 2.5165187806130165 -1.702434618433839
2446 2.384742091302054 -1.7769350073832344
2448 2.2534318721637825 -1.8337364235264635
2450 2.124889234704817 -1.8746225340443554
2452 2.0008136491093116 -1.9015198930040398
2454 1.8823768763486657 -1.9163574832386125
2456 1.7703122672174083 -1.9209709489118025
2458 1.6650052031199383 -1.9170444914143867
2460 1.566576092996575 -1.9060817226574462
2462 1.4749517120328364 -1.8893970970120266
2464 1.389923642228483 -1.8681208558460984
2466 1.3111943600718305 -1.8432120310230904
2468 1.238412427714627 -1.815475581044626
2470 1.171198580946416 -1.7855810052623358
2472 1.1091645054313473 -1.754080756472711
2474 1.0519259163288512 -1.7214274747204052
2476 0.9991113097917982 -1.6879895454384706
2478 0.9503674981403206 -1.654064797085966
2480 0.905362804705578 -1.619892344792297
2482 0.8637885923985675 -1.5856626951085468
2484 0.8253596347223356 -1.5515262810916033
2486 0.7898137067886545 -1.5176006167634466
2488 0.7569106722414928 -1.4839762592982693
2490 0.7264312646140813 -1.4507217552354872
2492 0.6981757036188885 -1.4178877294493963
2494 0.6719622439001839 -1.3855102561198163
2496 0.6476257223311596 -1.3536136316514344
2498 0.6250161471766654 -1.3222126515164723
2500 0.6039973561665265 -1.2913144768841691
2502 0.584445759036127 -1.260920162818429
2504 0.5662491721101894 -1.2310259077338823
2506 0.549305747072236 -1.2016240735499746
2508 0.533522992461945 -1.172704017373955
2510 0.5188168841503445 -1.1442527683619206
2512 0.5051110596735874 -1.116255577449087
2514 0.492336090578162 -1.088696362712767
2516 0.4804288266430732 -1.0615580690708617
2518 0.46933180585012796 -1.0348229576755916
2520 0.4589927241697769 -1.0084728376157843
2522 0.4493639595433234 -0.982489250286298
2524 0.4404021448202785 -0.9568536149314351
2526 0.43206778481992225 -0.9315473423508032
2528 0.4243249131017333 -0.9065519225098585
2530 0.41714078443761365 -0.8818489907731915
2532 0.41048559936803075 -0.85742037663899
2534 0.40433225759019337 -0.8332481381626601
2536 0.3986561372649337 -0.8093145846890656
2538 0.39343489764058887 -0.785602290046805
2540 0.38864830267573586 -0.7620940979728219
2542 0.3842780636005514 -0.7387731212190851
2544 0.38030769858923025 -0.7156227355323433
2546 0.3767224079264555 -0.6926265694825912
2548 0.3735089632399396 -0.6697684909377548
2550 0.37065560954195137 -0.647032590837312
2552 0.3681519789764679 -0.6244031647948725
2554 0.36598901530708905 -0.6018646929611853
2556 0.36415890830684045 -0.5794018184971019
2558 0.36265503732453375 -0.5569993249383377
2560 0.36147192340657475 -0.5346421126790842
2562 0.3606051894478924 -0.512315174755723
2564 0.36005152793391954 -0.49000357207652523
2566 0.3598086759168457 -0.4676924082140127
2568 0.35987539694604714 -0.4453668038535201
2570 0.36025146974513783 -0.4230118709744674
2572 0.3609376834976014 -0.4006126868291969
2574 0.36193583967022214 -0.37815426777552535
2576 0.36324876037009673 -0.3556215430163619
2578 0.364880303296453 -0.33299932829950085
2580 0.366835383415528 -0.310272299636588
2582 0.369120001554341 -0.2874249671065779
2584 0.37174128017981384 -0.2644416488257841
2586 0.3747075067032603 -0.24130644518140984
2588 0.37802818472816374 -0.2180032134519796
2590 0.381714093742669 -0.19451554296648593
2592 0.3857773578475874 -0.17082673099302023
2594 0.39023152420814333 -0.14691975959268858
2596 0.39509165202382085 -0.1227772737325767
2598 0.400374412926774 -0.09838156101859337
2600 0.4060982038473139 -0.07371453349377946
2602 0.41228327352633953 -0.048757712046801426
2604 0.41895186401004736 -0.023492214098412924
2606 0.4261283686356658 0.0021012546210476065
2608 0.4338395082077336 0.028042403212876734
2610 0.44211452727606426 0.05435135246515866
2612 0.45098541266063213 0.08104862396155227
2614 0.4604871366261248 0.10815511967087324
2616 0.4706579273927065 0.13569208987034015
2618 0.4815395699787272 0.16368108680090665
2620 0.4931777407089752 0.19214390090678474
2622 0.5056223790841013 0.2211024758464713
2624 0.5189281010942359 0.2505787976621166
2626 0.5331546584658762 0.28059475252421356
2628 0.5483674487466185 0.3111719462918855
2630 0.5646380815481233 0.34233147770921485
2632 0.5820450066587569 0.37409365533425704
2634 0.6006742100782954 0.4064776462131376
2636 0.6206199842746449 0.43950104178838095
2638 0.6419857790550834 0.4731793234813553
2640 0.6648851393000097 0.5075252067033542
2642 0.6894427353068204 0.5425478376106455
2644 0.7157954904736791 0.5782518115765243
2646 0.7440938092956435 0.6146359759512047
2648 0.7745029058485178 0.6516919720393881
2650 0.8072042286858091 0.6894024621541847
2652 0.842396971829611 0.7277389769302933
2654 0.8802996525537151 0.7666593056297991
2656 0.921151723973473 0.8061043378702538
2658 0.9652151727875188 0.8459942490784222
2660 1.0127760282088507 0.8862239042973431
2662 1.0641456750429177 0.9266573363906685
2664 1.1196618193581265 0.9671211364658275
2666 1.1796888959579168 1.0073965786685333
2668 1.244617629039331 1.0472102920180424
2670 1.3148633566569343 1.086223294364032
2672 1.390862601481206 1.124018226541841
2674 1.4730672111258847 1.1600846811879315
2676 1.561935199528503 1.1938026287217862
2678 1.6579171997964923 1.2244241278083723
2680 1.7614372008599457 1.2510538021646773
2682 1.8728660127722978 1.2726290104930555
2684 1.9924857403813094 1.2879012770038174
2686 2.120443529721067 1.2954214284086276
2688 2.256693121076633 1.2935320211057864
2690 2.40092348901333 1.280372010713979
2692 2.552475316989375 1.253900088802952
2694 2.710248506589971 1.211944401492307
2696 2.8726075592498024 1.1522869564602334
2698 3.0372964713564823 1.0727901385000451
2700 3.201380276672695 0.9715694004360083
2702 3.361235358065 0.8472094208379545
2704 3.5126130633753254 0.6990104053834827
2706 3.6507982528849743 0.5272376163446775
2708 3.770873589211153 0.3333335009209734
2710 3.868080753101127 0.12004293686577253
2712 3.9382438860376974 -0.10859590414426334
2714 3.978195300321612 -0.3474254570337592
2716 3.986128659423086 -0.5905062487292069
2718 3.9618090711180707 -0.8315783654725756
2720 3.9065952731244757 -1.064574775369168
2722 3.8232697033791005 -1.2841002195084226
2724 3.7157141639660254 -1.4857993173933797
2726 3.5884978513415287 -1.6665673925379392
2728 3.44645270743066 -1.824595609876616
2730 3.2942993322385856 -1.9592752564260794
2732 3.136362949195278 -2.071005793588916
2734 2.976392947231228 -2.1609558775989575
2736 2.8174787740144422 -2.2308194887843533
2738 2.6620426602864895 -2.282596422077521
2740 2.511885423190711 -2.318412839121277
2742 2.3682630797030737 -2.340386548408165
2744 2.2319764802240893 -2.350534321741395
2746 2.103461486038219 -2.3507146496215516
2748 1.982872045695041 -2.342598020408414
2750 1.870152294061797 -2.327657108092429
2752 1.765096411780465 -2.3071703715314755
2754 1.6673966021546094 -2.282233956840168
2756 1.5766804136310477 -2.253778136094099
2758 1.492538999497917 -2.2225856589586828
2760 1.4145479570401958 -2.1893102937391222
2762 1.3422822669651615 -2.154494501980324
2764 1.2753266536462344 -2.1185856623682415
2766 1.2132824643964217 -2.0819505779185126
2768 1.155771953033821 -2.0448882049449724
2770 1.1024406645082026 -2.00764066603282
2772 1.0529584585795075 -1.9704026777529902
2774 1.0070195812405565 -1.9333295559973582
2776 0.964342089875952 -1.8965439710061907
2778 0.9246668581014705 -1.86014161961559
2780 0.8877563247863467 -1.8241959701390147
2782 0.8533931051873577 -1.7887622195860726
2784 0.8213785472226351 -1.7538805861001385
2786 0.7915312900202964 -1.719579043023322
2788 0.7636858628690597 -1.685875585683933
2790 0.7376913488901157 -1.6527801082269733
2792 0.7134101278392693 -1.620295955694378
2794 0.6907167054379163 -1.5884212060818328
2796 0.6694966317558121 -1.5571497281315412
2798 0.6496455078635033 -1.5264720530234788
2800 0.6310680777992888 -1.4963760917232865
2802 0.6136774015434358 -1.4668477243816602
2804 0.597394103919863 -1.4378712836978482
2806 0.5821456939812893 -1.4094299504303258
2808 0.5678659493490164 -1.3815060761347724
2810 0.5544943600833008 -1.3540814456379828
2812 0.5419756268839777 -1.327137489620553
2814 0.5302592087210752 -1.3006554559150703
2816 0.519298915333491 -1.2746165466607118
2818 0.509052540389937 -1.2490020272429965
2820 0.49948153146400387 -1.2237933119441669
2822 0.49055069332237655 -1.1989720303959222
2824 0.4822279213573202 -1.1745200782394971
2826 0.47448396230680134 -1.1504196548262913
2828 0.46729219969564073 -1.1266532903206632
2830 0.46062846169935934 -1.1032038641744109
2832 0.4544708493783748 -1.0800546166199183
2834 0.4487995834551867 -1.0571891545611611
2836 0.4435968680123446 -1.034591453020654
2838 0.438846769675727 -1.012245853120246
2840 0.43453511101761355 -0.9901370574241574
2842 0.43064937706865114 -0.9682501233522606
2844 0.4271786339686774 -0.9465704552748837
2846 0.4241134589152168 -0.9250837958225001
2848 0.42144588068608346 -0.903776216884855
2850 0.41916933012069363 -0.8826341107293798
2852 0.41727860004471196 -0.8616441816380355
2854 0.4157698142149807 -0.8407934384435143
2856 0.4146404049477199 -0.8200691883389974
2858 0.4138890991738679 -0.7994590323395423
2860 0.41351591274105304 -0.7789508627890552
2862 0.4135221528533886 -0.7585328633314165
2864 0.4139104286085859 -0.7381935118031451
2866 0.4146846696560642 -0.7179215865533507
2868 0.4158501530618056 -0.697706176759511
2870 0.4174135385234876 -0.6775366973842151
2872 0.41938291213454837 -0.6574029095113743
2874 0.4217678389461179 -0.6372949469111385
2876 0.4245794246219537 -0.6172033498144563
2878 0.4278303865198568 -0.5971191070347004
2880 0.4315351345644692 -0.5770337077550618
2882 0.43570986229512393 -0.5569392045162066
2884 0.440372648477175 -0.5368282891871372
2886 0.4455435696498012 -0.5166943839951625
2888 0.4512448239413256 -0.49653175002915195
2890 0.4575008664071219 -0.4763356160237499
2892 0.4643385560232164 -0.45610233068789996
2894 0.47178731428770315 -0.435829542366329
2896 0.4798792951247421 -0.4155164104259382
2898 0.4886495654277219 -0.39516385345154503
2900 0.49813629509399043 -0.3747748401201775
2902 0.5083809547536405 -0.3543547295135524
2904 0.5194285185369454 -0.3339116686225453
2906 0.5313276681017967 -0.31345705589968187
2908 0.5441309926837089 -0.2930060809162314
2910 0.5578951780514777 -0.2725783514626783
2912 0.5726811748474699 -0.25219862075850863
2914 0.5885543337351143 -0.2318976287539222
2916 0.6055844909221432 -0.21171307271701528
2918 0.6238459827990768 -0.19169072326846154
2920 0.6434175624392336 -0.1718857025444592
2922 0.6643821833327094 -0.15236394094703823
2924 0.6868266067636737 -0.13320382756600474
2926 0.7108407784885622 -0.11449806626759326
2928 0.7365169077053606 -0.09635574387994944
2930 0.7639481667057753 -0.07890460787013473
2932 0.7932269132873635 -0.062293537115853385
2934 0.8244423205432976 -0.04669516923221914
2936 0.8576772811721439 -0.03230861950520832
2938 0.8930044379272729 -0.019362187639020784
2940 0.930481181364052 -0.008115896985421128
2942 0.9701434553364239 0.0011363553178204524
2944 1.0119982263944867 0.008065340972284927
2946 1.0560145142688961 0.012306136888305421
2948 1.1021129582853746 0.01345936491476616
2950 1.1501540218778417 0.011094655520440961
2952 1.1999251276633878 0.004757052932139751
2954 1.2511272792029975 -0.006022863984833145
2956 1.303362064899242 -0.021714391376785963
2958 1.3561203411901173 -0.0427670322978946
2960 1.4087743182168146 -0.06958546573969156
2962 1.460575149852246 -0.10249941521125683
2964 1.5106583519574528 -0.14172947214995674
2966 1.5580592973502634 -0.18735093663804664
2968 1.6017405156449283 -0.23925884910736156
2970 1.640631452187207 -0.29713839590942304
2972 1.6736797059306938 -0.3604454885310733
2974 1.6999107280769739 -0.4284022211033195
2976 1.7184908710901223 -0.5000108548712209
2978 1.7287870348170593 -0.574087907423097
2980 1.7304154971604566 -0.6493170765378051
2982 1.7232732209904524 -0.7243166425464549
2984 1.707547044450613 -0.7977143926728927
2986 1.683699323006407 -0.868221680966469
2988 1.6524320962919232 -0.934698379731382
2990 1.6146348823221297 -0.9962021564461282
2992 1.5713230934831666 -1.0520182628920312
2994 1.5235745205552433 -1.1016691390197564
2996 1.4724704531170445 -1.1449059009655917
2998 1.4190462188896527 -1.1816857008210717
3000 1.3642537779992285 -1.2121398263114465
