20 4.967139434176193 -29.72729540019437
22 4.318026073288388 -27.240503383991115
24 3.7992764181003826 -25.141056757059555
26 3.3769178960492434 -23.34433345137449
28 3.027585206404708 -21.788768356891943
30 2.734729570576576 -20.428484656172266
32 2.486333685493618 -19.22858500825358
34 2.273481063776247 -18.162045250013584
36 2.0894307120482827 -17.207607891681725
38 1.9290015662510358 -16.34831866812672
40 1.7881527870719245 -15.570487928020903
42 1.6636913164020704 -14.862939434780985
44 1.5530641358322208 -14.21645776447444
46 1.4542081212251974 -13.623375558154743
48 1.3654398206057834 -13.077260959100087
50 1.285373388410163 -12.572677937181558
52 1.2128586914885433 -12.105000392666435
54 1.146934074871962 -11.670266454992738
56 1.0867899221018666 -11.265063180260688
58 1.0317402605050663 -10.886434490139406
60 0.9812004293671661 -10.531807059491879
62 0.9346693647069042 -10.198930195062802
64 0.8917154332727165 -9.885826715096515
66 0.8519650196895128 -9.590752548923357
68 0.8150932671671004 -9.312163300861231
70 0.7808165160028359 -9.048686415692044
72 0.7488860904387202 -8.79909787965645
74 0.719083163776754 -8.562302616778002
76 0.6912144913922456 -8.337317913723851
78 0.6651088466233589 -8.12325934056749
80 0.6406140292083125 -7.919328739315537
82 0.6175943426721648 -7.724803934042721
84 0.5959284578160114 -7.539029881200129
86 0.5755075956712656 -7.361411030091977
88 0.5562339760257725 -7.191404704562789
90 0.5380194877087824 -7.028515349979959
92 0.5207845448390382 -6.872289516199434
94 0.504457099652008 -6.72231146887843
96 0.4889717876777491 -6.578199339107435
98 0.47426918520353134 -6.439601735801898
100 0.46029516233720363 -6.306194757186273
102 0.4470003177412536 -6.177679347517812
104 0.43433948336574274 -6.053778953361805
106 0.422271289362831 -5.9342374405118345
108 0.410757780899025 -5.818817238320155
110 0.3997640798482881 -5.707297682966173
112 0.38925808540816803 -5.59947353519868
114 0.37921020856015153 -5.495153651460225
116 0.36959313603423233 -5.394159790177253
118 0.36038162005841834 -5.29632553742785
120 0.3515522906961988 -5.2014953382736016
122 0.3430834880166815 -5.109523621817783
124 0.3349551117178531 -5.020274009562158
126 0.3271484861409434 -4.933618597951725
128 0.3196462388867489 -4.849437307110435
130 0.3124321914759161 -4.767617288742247
132 0.3054912606952753 -4.688052387017243
134 0.29880936944279174 -4.610642646983955
136 0.2923733660314677 -4.535293865688209
138 0.2861709510389621 -4.461917181722769
140 0.28019061090115643 -4.3904286994221
142 0.2744215575414998 -4.320749144333505
144 0.2688536734124179 -4.252803546963461
146 0.26347746139664313 -4.186520952127979
148 0.25828399907908606 -4.121834151513669
150 0.2532648969555938 -4.058679437316146
152 0.24841226019233173 -3.9969963750374253
154 0.2437186535926698 -3.936727593724872
156 0.23917706946520503 -3.877818592104323
158 0.23478089811912708 -3.8202175592217285
160 0.23052390074255136 -3.7638752083347797
162 0.22640018444444215 -3.7087446229276537
164 0.22240417926377973 -3.654781113824637
166 0.21853061696911907 -3.601942086478565
168 0.21477451149006313 -3.550186917597982
170 0.21113114083730736 -3.499476840350699
172 0.2075960303825129 -3.449774837455846
174 0.2041649373816681 -3.401045541536661
176 0.20083383663619003 -3.353255142161432
178 0.19759890719724266 -3.306371299056277
180 0.1944565200262967 -3.260363061010471
182 0.19140322653403344 -3.215200790044143
184 0.18843574792648443 -3.1708560904433676
186 0.18555096529350856 -3.127301742294493
188 0.18274591038117902 -3.084511639193805
190 0.18001775699407277 -3.042460729820536
192 0.17736381297916592 -3.0011249631007724
194 0.1747815127461038 -2.960481236699355
196 0.17226841028362558 -2.9205073486098163
198 0.16982217263464774 -2.8811819516202974
200 0.16744057379593594 -2.842484510459694
202 0.165121489011113 -2.8043952614372643
204 0.16286288942850813 -2.766895174405861
206 0.16066283709729992 -2.7299659168944843
208 0.15851948027798868 -2.6935898202619084
210 0.15643104904501295 -2.6577498477362282
212 0.15439585116097723 -2.6224295642244053
214 0.1524122682038821 -2.5876131077654816
216 0.15047875192974763 -2.5532851625282347
218 0.14859382085494013 -2.5194309332530955
220 0.14675605704341377 -2.4860361210461255
222 0.14496410308514476 -2.4530869004378304
224 0.14321665925328325 -2.420569897630444
226 0.14151248082842163 -2.3884721698597433
228 0.13985037557923002 -2.3567811857999645
230 0.13822920138945724 -2.32548480694964
232 0.1366478640221613 -2.294571269940665
234 0.1351053150125369 -2.264029169709423
236 0.13360054968162022 -2.2338474434842803
238 0.13213260526332612 -2.2040153555365714
240 0.1307005591380875 -2.174522482650973
242 0.1293035271668934 -2.1453587002729475
244 0.12794066211964122 -2.116514169292591
246 0.12661115219250302 -2.0879793234296278
248 0.12531421960935413 -2.059744857181395
250 0.12404911930217662 -2.031801714303085
252 0.12281513766651925 -2.0041410767906944
254 0.121611591387611 -1.9767543543316983
256 0.12043782633362646 -1.9496331742069382
258 0.11929321651224946 -1.9227693716036987
260 0.11817716308768779 -1.8961549803304762
262 0.11708909345478337 -1.8697822238990327
264 0.11602846036747101 -1.8436435069589678
266 0.11499474111921494 -1.8177314070620003
268 0.11398743677254881 -1.7920386667363803
270 0.11300607143599499 -1.7665581858543844
272 0.11205019158585469 -1.7412830142747817
274 0.11111936543115927 -1.7162063447433573
276 0.11021318232006458 -1.6913215060390587
278 0.10933125218580615 -1.6666219563451456
280 0.10847320503105413 -1.6421012768375172
282 0.10763869044900656 -1.6177531654716522
284 0.10682737718008534 -1.5935714309599165
286 0.10603895270311162 -1.5695499869211487
288 0.10527312285996675 -1.5456828461980743
290 0.10452961151260735 -1.5219641153247498
292 0.10380816023193686 -1.4983879891351388
294 0.1031085280174839 -1.4749487455058736
296 0.10243049104746398 -1.451640740216501
298 0.1017738424586676 -1.4284584019240028
300 0.10113839215558068 -1.4053962272375664
302 0.10052396664859707 -1.3824487758858215
304 0.09993040892079151 -1.3596106659692915
306 0.09935757832341736 -1.3368765692853084
308 0.0988053504995934 -1.3142412067210394
310 0.09827361733659744 -1.2916993437042719
312 0.09776228694650665 -1.269245785701687
314 0.09727128367559816 -1.2468753737612146
316 0.0968005481425827 -1.2245829800850818
318 0.09635003730613338 -1.2023635036299125
320 0.09591972456203596 -1.1802118657217573
322 0.09550959987068146 -1.1581230056819969
324 0.09511966991527539 -1.1360918764520596
326 0.0947499582917675 -1.1141134402134196
328 0.09440050573112264 -1.0921826639884087
330 0.0940713703550362 -1.0702945152207497
332 0.0937626279661122 -1.048443957321413
334 0.09347437237364707 -1.0266259451743769
336 0.09320671575652516 -1.004835420591394
338 0.09295978906438808 -0.9830673077097756
340 0.09273374245904674 -0.9613165083202095
342 0.0925287457975876 -0.9395778971170666
344 0.09234498915927096 -0.9178463168622227
346 0.09218268341833462 -0.8961165734491177
348 0.09204206086486494 -0.8743834308589038
350 0.09192337587636461 -0.8526416059966907
352 0.09182690564272758 -0.8308857633962128
354 0.09175295094742746 -0.8091105097814314
356 0.09170183700820111 -0.7873103884705291
358 0.09167391438086456 -0.7654798736107545
360 0.09166955992961402 -0.7436133642301817
362 0.09168917786831236 -0.7217051780895092
364 0.09173320087688092 -0.6997495453207967
366 0.09180209129772508 -0.6777406018336635
368 0.09189634241731025 -0.6556723824757207
370 0.09201647983858428 -0.633538813922152
372 0.09216306295019012 -0.6113337072836719
374 0.09233668649928574 -0.5890507504008131
376 0.09253798227489057 -0.5666834998134328
378 0.09276762090975631 -0.5442253723736092
380 0.09302631380912016 -0.521669636479344
382 0.09331481521537052 -0.49900940290313545
384 0.09363392441889676 -0.4762376151842367
386 0.09398448812558706 -0.45334703955442396
388 0.09436740299311257 -0.4303302543643029
390 0.09478361834857765 -0.4071796389747258
392 0.09523413910154709 -0.3838873620733469
394 0.0957200288679093 -0.360445369377619
396 0.09624241332078917 -0.3368453706768588
398 0.09680248378702111 -0.3130788261700305
400 0.09740150110881693 -0.28913693204305524
402 0.09804079979229827 -0.2650106052336548
404 0.09872179246662142 -0.2406904673221922
406 0.09944597467955099 -0.21616682748605476
408 0.10021493005820208 -0.19142966444400006
410 0.10103033586572738 -0.1664686073184046
412 0.10189396898851126 -0.14127291533247982
414 0.10280771239144335 -0.11583145625246369
416 0.10377356208253294 -0.09013268347961406
418 0.10479363463262564 -0.06416461168716377
420 0.10587017530030353 -0.03791479088765967
422 0.10700556681743727 -0.011370278808573726
424 0.10820233889661889 0.015482388561984127
426 0.1094631785279496 0.042657228401315965
428 0.11079094114037191 0.07016884461770145
430 0.11218866271007126 0.09803246372276501
432 0.11365957290836401 0.1262639732099178
434 0.11520710939087629 0.15487996264308793
436 0.1168349333418539 0.18389776768768554
438 0.1185469464001349 0.21333551733961523
440 0.12034730910722495 0.2432121846209554
442 0.1222404610354112 0.27354764105591056
444 0.12423114277145998 0.3043627152573786
446 0.12632441995222338 0.3356792559903762
448 0.12852570957329482 0.36752020012882264
450 0.13084080881730603 0.3999096459413755
452 0.1332759266804065 0.43287293221776135
454 0.1358377187094726 0.466436723774615
456 0.13853332520243655 0.5006291039538308
458 0.14137041327041314 0.535479674792309
460 0.14435722321112252 0.5710196656088306
462 0.14750261970364573 0.6072820508477652
464 0.15081614840327429 0.6443016781098755
466 0.1543080985933037 0.6821154074083767
468 0.15798957264250463 0.7207622628071988
470 0.16187256312236806 0.7602835977452714
472 0.16597003855936562 0.8007232754955248
474 0.17029603893997916 0.8421278663918759
476 0.17486578225031138 0.8845468636568141
478 0.1796957835243615 0.9280329198925218
480 0.18480398809886822 0.9726421065596923
482 0.19020992103671958 1.0184341990741803
484 0.19593485498743066 1.0654729904853988
486 0.20200199911817612 1.1138266371029257
488 0.20843671217742565 1.1635680398956596
490 0.215266743258403 1.2147752659904658
492 0.22252250443568158 1.2675320152318517
494 0.23023738015976625 1.321928137425702
496 0.23844807915550387 1.3780602067348406
498 0.24719503558778663 1.4360321605893966
500 0.2565228674952631 1.4959560116114599
502 0.2664809019674877 1.5579526422744854
504 0.27712377833966145 1.6221526935338246
506 0.28851214284906457 1.6886975603792713
508 0.300713450847529 1.7577405092853482
510 0.31380289589925703 1.829447934916081
512 0.3278644890678606 1.9040007762393163
514 0.34299231658178253 1.98159611545818
516 0.3592920101319588 2.06244898709276
518 0.37688247156336396 2.1467944290396535
520 0.3958979031194951 2.234889812871781
522 0.4164902061598334 2.327017496946915
524 0.43883182610800375 2.4234878534210598
526 0.46311914016120775 2.5246427290471174
528 0.4895765081974227 2.6308594100245064
530 0.5184611379103464 2.742555173300901
532 0.5500689545731322 2.8601925208463066
534 0.5847417167969587 2.984285209707542
536 0.6228756860281673 3.115405209187749
538 0.6649322445027984 3.254190737117404
540 0.7114509710968956 3.401355549394354
542 0.7630658368154866 3.5576996794977527
544 0.8205253852579149 3.724121845011245
546 0.8847180374553003 3.9016337516922177
548 0.9567040320170037 4.09137652388043
550 1.0377560187810788 4.294639458215856
552 1.1294110217368398 4.5128812103283575
554 1.233537452755476 4.747753336718072
556 1.352422203624692 5.001125750462929
558 1.4888847303322037 5.275112977107113
560 1.6464276996243965 5.572098886885915
562 1.8294375166559205 5.894755430051442
564 2.043453338838887 6.246047107968397
566 2.2955305863620445 6.629206222893249
568 2.594735162810442 7.047652130660207
570 2.9528181634368744 7.504806764595754
572 3.385137534308011 8.003721399324956
574 3.9119099771460863 8.546363093124102
576 4.559882587646238 9.132290888015074
578 5.364477915947138 9.756243905722615
580 6.372305637045596 10.403810062522659
582 7.643444996097733 11.043789399476038
584 9.251621017761307 11.615162546450266
586 11.27741249178812 12.006293156482178
588 13.783740161280898 12.02642112438296
590 16.755025747102867 11.381005714598736
592 19.98440558055286 9.693262421601325
594 22.947936141065956 6.655044608380683
596 24.840461749284536 2.342527896829123
598 24.976848057068885 -2.5457145464030946
600 23.324139578905974 -6.96293292375852
602 20.52417753681652 -10.167190449820136
604 17.379804460855627 -12.032543247912074
606 14.435853111687228 -12.837156532572347
608 11.922271675405446 -12.947894756574675
610 9.871382566724918 -12.660203575605172
612 8.23038935367373 -12.169479132098017
614 6.924250681510398 -11.592368901096249
616 5.882053033142928 -10.99414439709203
618 5.045023008963729 -10.409308977239903
620 4.36705995711286 -9.854751384754916
622 3.812843860509672 -9.337566774719978
624 3.355533006486119 -8.859553645508168
626 2.974729282555583 -8.41975486799602
628 2.6548636244371044 -8.015876668374034
630 2.3839727375141497 -7.645070767783087
632 2.152790948336513 -7.304356676874916
634 1.9540810587803872 -6.990841291692248
636 1.782141592213916 -6.701824910906315
638 1.6324427235643586 -6.434844304317627
640 1.5013557856906798 -6.187681636128625
642 1.3859509244984882 -5.958355614225343
644 1.2838445962165728 -5.745104121077878
646 1.1930837324047512 -5.546363493948508
648 1.1120570641421201 -5.36074726952254
650 1.0394267093374518 -5.187025856966373
652 0.9740749915562715 -5.024107832832339
654 0.9150627944320257 -4.871023118324035
656 0.8615967176487359 -4.726908063090862
658 0.8130029974214451 -4.590992337239419
660 0.7687066627218375 -4.462587476235473
662 0.7282147717723213 -4.341076903245245
664 0.6911028493541471 -4.225907253507768
666 0.6570038510006296 -4.116580835744366
668 0.625599134226337 -4.012649080750562
670 0.5966110332341844 -3.913706843976509
672 0.569796721885374 -3.819387445353798
674 0.544943117261875 -3.729358344981833
676 0.5218626281047679 -3.643317367134695
678 0.5003895926185354 -3.560989397302966
680 0.48037728142701464 -3.4821234876755756
682 0.4616953659552801 -3.4064903156937802
684 0.4442277717832389 -3.333879948242932
686 0.42787085176052936 -3.2640998708441007
688 0.41253182578589026 -3.196973246993677
690 0.3981274438308463 -3.1323373777418806
692 0.38458283655279474 -3.070042335808511
694 0.37183052410078177 -3.009949752122725
696 0.3598095587810876 -2.951931735719334
698 0.34846478136945624 -2.8958699105404553
700 0.3377461742158377 -2.8416545549108223
702 0.3276082970402471 -2.789183831357956
704 0.3180097935825774 -2.738363096078662
706 0.308912959137028 -2.6891042787500505
708 0.3002833605486267 -2.6413253245790287
710 0.2920895015354045 -2.5949496915218737
712 0.2843025272715992 -2.5499058964925143
714 0.2768959630622128 -2.5061271051415557
716 0.2698454826928814 -2.4635507604599995
718 0.2631287026697399 -2.4221182460289463
720 0.2567249990988656 -2.3817745802411254
722 0.2506153444057509 -2.3424681382516783
724 0.2447821614781722 -2.304150398793637
726 0.2392091931418636 -2.266775713322697
728 0.23388138515592438 -2.2303010952459936
730 0.22878478115245296 -2.194686027238875
732 0.22390642814822193 -2.1598922848776287
734 0.2192342914310313 -2.125883775008858
736 0.21475717777299766 -2.09262638744358
738 0.21046466605456507 -2.0600878587255167
740 0.20634704449258434 -2.0282376468398007
742 0.20239525376493617 -1.997046815859675
744 0.1986008354079283 -1.9664879296266062
746 0.194955884935191 -1.9365349536492968
748 0.19145300919193187 -1.907163164494704
750 0.18808528751302614 -1.8783490660105608
752 0.18484623630300195 -1.8500703117883637
754 0.18172977669814153 -1.8223056333308592
756 0.17873020500880668 -1.7950347734408176
758 0.1758421656723339 -1.7682384243907894
760 0.1730606264771973 -1.7418981704819145
762 0.17038085584284945 -1.7159964346259167
764 0.16779840196404977 -1.6905164286292709
766 0.16530907364721134 -1.6654421068774334
768 0.16290892268458973 -1.6407581231527049
770 0.16059422762775097 -1.6164497903374044
772 0.15836147883544277 -1.592503042776864
774 0.15620736468387802 -1.5689044010997606
776 0.1541287588380387 -1.5456409393059616
778 0.15212270849275014 -1.5227002539513046
780 0.15018642350095598 -1.5000704352728003
782 0.14831726631450523 -1.4777400401083882
784 0.14651274266997327 -1.4556980664819277
786 0.14477049295816527 -1.4339339297296558
788 0.14308828422170367 -1.4124374400582849
790 0.14146400273023263 -1.39119878143103
792 0.13989564708736307 -1.37020849168763
794 0.13838132182757565 -1.3494574438113358
796 0.13691923146509444 -1.3289368282622402
798 0.13550767496001992 -1.308638136303055
800 0.13414504057014637 -1.2885531442477924
802 0.132829801059691 -1.268673898571808
804 0.13156050923836587 -1.2489927018216613
806 0.13033579380702082 -1.229502099273314
808 0.1291543554875373 -1.2101948662858868
810 0.12801496341703175 -1.1910639963047522
812 0.12691645178780078 -1.172102689470708
814 0.12585771671609594 -1.1533043417934004
816 0.1248377133244819 -1.1346625348534516
818 0.12385545302320118 -1.1161710259946223
820 0.12291000097794541 -1.0978237389761987
822 0.1220004737518713 -1.0796147550534134
824 0.12112603711107219 -1.0615383044564646
826 0.12028590398342909 -1.0435887582421022
828 0.11947933256183119 -1.0257606204926009
830 0.11870562454321854 -1.008048520836516
832 0.11796412349597298 -0.9904472072715569
834 0.1172542133485758 -0.9729515392655022
836 0.11657531699320112 -0.9555564811172587
838 0.11592689499852517 -0.9382570955581216
840 0.11530844442645491 -0.9210485375760412
842 0.11471949774805239 -0.9039260484443861
844 0.11415962185449095 -0.8868849499412393
846 0.11362841715912216 -0.8699206387416423
848 0.11312551678742905 -0.8530285809687778
850 0.11265058585179875 -0.836204306890345
852 0.1122033208085822 -0.8194434057451744
854 0.11178344889534289 -0.8027415206884065
856 0.11139072764630709 -0.7860943438405216
858 0.1110249444847648 -0.7694976114298068
860 0.11068591639113037 -0.7529470990140702
862 0.11037348964605538 -0.736438616770976
864 0.11008753964808708 -0.7199680048446517
866 0.10982797080592104 -0.7035311287374464
868 0.109594716505451 -0.6871238747341573
870 0.10938773915235481 -0.67074214534854
872 0.10920703029123983 -0.6543818547796042
874 0.10905261080280416 -0.6380389243665524
876 0.10892453118078325 -0.621709278030272
878 0.10882287189102895 -0.6053888376895312
880 0.10874774381536176 -0.5890735186400663
882 0.10869928878345765 -0.5727592248828144
884 0.1086776801963893 -0.5564418443903498
886 0.10868312374614039 -0.540117244296008
888 0.10871585823591948 -0.5237812659937124
890 0.10877615650672542 -0.5074297201326088
892 0.10886432647641421 -0.49105838149244807
894 0.10898071229818562 -0.47466298372288346
896 0.10912569564629246 -0.4582392139309154
898 0.10929969713767315 -0.44178270709760803
900 0.10950317789933162 -0.42528904030609554
902 0.10973664129219163 -0.4087537267606746
904 0.11000063480370754 -0.3921722095750174
906 0.1102957521226222 -0.37553985530765377
908 0.11062263541098571 -0.35885194721854397
910 0.11098197779025094 -0.3421036782223887
912 0.11137452606015323 -0.32529014350815355
914 0.11180108367128355 -0.3084063327953198
916 0.11226251397469339 -0.2914471221933662
918 0.11275974377472382 -0.27440726562740386
920 0.11329376721410356 -0.2572813857923895
922 0.113865650024158 -0.24006396459168866
924 0.11447653417673256 -0.22274933301407707
926 0.1151276429790286 -0.20533166039874004
928 0.11582028665755532 -0.18780494303182924
930 0.11655586848345037 -0.17016299201433882
932 0.1173358914976927 -0.15239942033461848
934 0.1181619659026876 -0.13450762907191208
936 0.11903581719515412 -0.11648079265005902
938 0.11995929512522865 -0.09831184305340984
940 0.12093438357821358 -0.07999345290674705
942 0.12196321148858083 -0.06151801731071292
944 0.12304806491093986 -0.04287763431370529
946 0.12419140039043983 -0.024064083888182132
948 0.12539585979530918 -0.005068805265149128
950 0.12666428679814545 0.01411712753683711
952 0.12799974521985713 0.033503032166773805
954 0.1294055394826891 0.05309864658209832
956 0.13088523745614541 0.0729141600975836
958 0.13244269602397735 0.09296024709134626
960 0.1340820897521582 0.1132481036432103
962 0.13580794309908426 0.1337894874155229
964 0.137625166681387 0.15459676111900017
966 0.13953909819442206 0.17568293994829295
968 0.1415555486881387 0.19706174341485963
970 0.14368085502024455 0.2187476520561331
972 0.14592193945320753 0.24075596955322756
974 0.14828637753497442 0.2631028908510729
976 0.15078247561159913 0.28580557694292974
978 0.1534193595710185 0.3088822370521342
980 0.15620707672073023 0.33235221902573914
982 0.15915671307010132 0.35623610883545137
984 0.1622805287361845 0.3805558401724969
986 0.16559211473836916 0.405334815207798
988 0.16910657511731084 0.43059803767591265
990 0.1728407391364465 0.456372259516099
992 0.17681340933982367 0.4826861423551958
994 0.18104565249581042 0.50957043513522
996 0.18556114201705493 0.5370581691478274
998 0.19038656239029886 0.5651848715957363
1000 0.19555208858064324 0.5939887985232005
1002 0.20109195642351307 0.6235111874486319
1004 0.2070451438544893 0.653796529204071
1006 0.21345618766920574 0.6848928571576622
1008 0.2203761666324003 0.7168520499432253
1010 0.22786388952635286 0.7497301406995488
1012 0.23598733659677185 0.7835876211028403
1014 0.24482541539854644 0.8184897214239008
1016 0.2544701079777095 0.854506637321751
1018 0.2650291065206191 0.8917136584272863
1020 0.2766290600714995 0.9301911304863494
1022 0.2894195867668671 0.9700241481944224
1024 0.3035782452721727 1.0113018242463774
1026 0.3193167062785542 1.0541159031621314
1028 0.33688841926296587 1.0985583734746889
1030 0.35659812752504766 1.1447175600031938
1032 0.3788136358843674 1.1926719211067283
1034 0.40398025807631 1.2424803929434187
1036 0.4326383185656239 1.294167555339942
1038 0.46544386456820386 1.3477010625146473
1040 0.5031921830690874 1.4029575890260706
1042 0.5468424886813491 1.4596718932246808
1044 0.5975396668651667 1.5173614804331224
1046 0.6566242256381611 1.5752170117271924
1048 0.7256130586363233 1.631947040386029
1050 0.8061191623725641 1.685567564887774
1052 0.89965638929596 1.7331384564420675
1054 1.0072478178897195 1.7704821699577828
1056 1.12873844716122 1.7919939736046469
1058 1.2617495856695489 1.7907822830735982
1060 1.400392464328478 1.759532878396461
1062 1.534273626474591 1.6925117553241553
1064 1.6488690310578797 1.5886699199345922
1066 1.728403512183089 1.4546632115618374
1068 1.7610434382948454 1.305444561382163
1070 1.7438141799848088 1.1607285458575332
1072 1.683794003414209 1.0386769201296837
1074 1.594724024355715 0.9506880191546521
1076 1.4916811750587824 0.9000463219021634
1078 1.3870657453240351 0.8839143464976905
1080 1.2891111241985318 0.896403329200649
1082 1.2022451848139748 0.9310167793227048
1084 1.1281789700305331 0.9819890218314156
1086 1.0669871234152835 1.0447592038966786
1088 1.0179067768177885 1.1159683066487547
1090 0.9798413724874749 1.1932642797459623
1092 0.951643984584213 1.2750689901669043
1094 0.9322598601549139 1.3603715028361851
1096 0.920787652091839 1.4485657386834099
1098 0.916497477898899 1.5393307841451236
1100 0.9188282232143223 1.632545791867731
1102 0.9273764927604096 1.7282308043574433
1104 0.9418837196606237 1.8265061895053298
1106 0.9622246655575407 1.9275650987093975
1108 0.9883988090553405 2.0316548695024244
1110 1.0205252590171396 2.1390644541518427
1112 1.0588414495537943 2.250115782056772
1114 1.1037057543963449 2.365157518322655
1116 1.155604179683689 2.4845600237486507
1118 1.2151613927596687 2.6087104971764434
1120 1.283156488129223 2.7380073160413696
1122 1.360544063802752 2.8728524932705413
1124 1.4484813715352354 3.013640928725911
1126 1.5483625015278657 3.1607447224935763
1128 1.6618607454370826 3.314490184190876
1130 1.7909804104929918 3.475124238068825
1132 1.9381193536206418 3.642765573723889
1134 2.1061432209351043 3.8173339694790234
1136 2.298471548449567 3.9984485157022203
1138 2.5191740324315224 4.185281747836536
1140 2.773071595382347 4.376351735804333
1142 3.065829978112139 4.569227894943027
1144 3.4040212361682998 4.76011910997617
1146 3.7951072513460353 4.9433063810018565
1148 4.2472643402735235 5.110381085913439
1150 4.7689137274790765 5.249264218003989
1152 5.3677462173200015 5.343031883966324
1154 6.0489405200289434 5.368693657170733
1156 6.812217857327007 5.29631427585612
1158 7.647468760681223 5.089278752699722
1160 8.529160087828862 4.70702588042085
1162 9.410868219192574 4.111887776891541
1164 10.223096683083865 3.2809729268696795
1166 10.879016129383421 2.2212920836083687
1168 11.291436512131474 0.9817308583799363
1170 11.398052864291689 -0.3475252344063882
1172 11.183567273577626 -1.6533681159643219
1174 10.685361369945365 -2.829673782241125
1176 9.979019825235433 -3.803388846374271
1178 9.153177129945641 -4.544647726637306
1180 8.287382560693116 -5.060595148316208
1182 7.440520081995137 -5.381156523749186
1184 6.649212266498676 -5.545171197831642
1186 5.93183804400612 -5.590965587291478
1188 5.2941401868936575 -5.551611393193304
1190 4.7342037806052915 -5.453464694725488
1192 4.24608565324607 -5.316476302616927
1194 3.822154237060529 -5.1552218800373835
1196 3.454458637717665 -4.980072643271671
1198 3.1354531622931283 -4.798248030602397
1200 2.8583283373495623 -4.614668149735855
1202 2.6171177715568925 -4.432605879301574
1204 2.4066864534982373 -4.254169173430476
1206 2.222662681989052 -4.080650428809689
1208 2.061348471869709 -3.9127762339938568
1210 1.9196268849109972 -3.750884370010602
1212 1.7948752911127017 -3.59504850271403
1214 1.6848883255004221 -3.4451656128676937
1216 1.5878115253384961 -3.3010170265896788
1218 1.5020852519259194 -3.1623107997091857
1220 1.4263978939840436 -3.028710955043024
1222 1.3596471550732059 -2.8998574602576714
1224 1.3009082417153501 -2.77537969223365
1226 1.249407879489865 -2.654905328798771
1228 1.2045032312636352 -2.538066042871626
1230 1.1656649443257021 -2.424500977437877
1232 1.1324636972788547 -2.3138587029988726
1234 1.104559747683766 -2.2057981676766247
1236 1.081695096868221 -2.099989020365881
1238 1.063687990468984 -1.9961116031994561
1240 1.0504295646445425 -1.8938568609275284
1242 1.0418825312248658 -1.7929263956906494
1244 1.038081872946199 -1.6930329038787446
1246 1.0391375944646588 -1.5939012683391356
1248 1.045239647241212 -1.4952706486512604
1250 1.0566652162098265 -1.3968980230530037
1252 1.0737886201237308 -1.298563801385905
1254 1.097094127366258 -1.2000803691560853
1256 1.127192007756442 -1.1013047669379474
1258 1.1648380960937113 -1.0021571959791817
1260 1.2109569759453878 -0.9026477214229426
1262 1.266668498343959 -0.8029144820735156
1264 1.3333165496483816 -0.7032779771089693
1266 1.4124974718923822 -0.6043176320311892
1268 1.506082818565489 -0.5069788123719097
1270 1.6162264127928636 -0.4127204955689839
1272 1.7453378041521252 -0.32371515571268294
1274 1.8959916867879987 -0.2431112113115594
1276 2.070724207633733 -0.17536072440486478
1278 2.271642476692076 -0.12659353391652453
1280 2.499748498360536 -0.1049715391784425
1282 2.7538719902866307 -0.12086804046874118
1284 3.029162283091324 -0.18657924788870342
1286 3.315283934900182 -0.31512085782073385
1288 3.594870309425405 -0.517624330989454
1290 3.843360850916064 -0.7991980689808781
1292 4.031670037204841 -1.1541296949872055
1294 4.132404975704965 -1.562738549438805
1296 4.12812114523164 -1.9927670356392544
1298 4.0176587059034246 -2.406354583971168
1300 3.816675266939375 -2.769887536638561
1302 3.5519939170733563 -3.0617317703141036
1304 3.253270682308693 -3.274523806759739
1306 2.9462102415032563 -3.412500822747965
1308 2.649326647825736 -3.4866806219925124
1310 2.373792956902988 -3.510445964975784
1312 2.1249232816511414 -3.4966531150215365
1314 1.904046418156504 -3.4562377053106172
1316 1.710118349099385 -3.397836553351366
1318 1.5408794442238603 -3.327944206974376
1320 1.3935923766885343 -3.251277733852448
1322 1.2654691072032613 -3.1711729706826635
1324 1.1538931205935385 -3.0899349878113127
1326 1.056517439894868 -3.0091196716110344
1328 0.9712923819266509 -2.929748204120491
1330 0.8964565649751204 -2.852465274026575
1332 0.8305108353645223 -2.7776534595494535
1334 0.7721860751965586 -2.7055148596458496
1336 0.720410646125642 -2.6361288481517002
1338 0.6742802302352453 -2.5694926813503556
1340 0.6330311736197743 -2.505549905356049
1342 0.5960175653731248 -2.4442101312277686
1344 0.5626918562762924 -2.3853627228971526
1346 0.5325886380286372 -2.3288862017376157
1348 0.5053111502515297 -2.2746546418281244
1350 0.48052009375689353 -2.222541954381862
1352 0.4579243689315353 -2.1724246946917356
1354 0.4372734084587893 -2.124183838140304
1356 0.4183508243146883 -2.0777058402576025
1358 0.40096913553349606 -2.032883203068781
1360 0.38496538393613433 -1.9896147045264878
1362 0.3701974795663468 -1.947805401559639
1364 0.35654114638903495 -1.9073664845180254
1366 0.34388736254926056 -1.8682150375686721
1368 0.33214020891894 -1.8302737431210765
1370 0.3212150554815122 -1.793470556648479
1372 0.31103702796309696 -1.7577383699639137
1374 0.30153970755386594 -1.7230146751121593
1376 0.29266402503096717 -1.6892412368643754
1378 0.2843573174725752 -1.6563637788623229
1380 0.27657252134297255 -1.624331686392189
1382 0.2692674802832497 -1.59309772733674
1384 0.2624043496575943 -1.562617791869338
1386 0.255949082943549 -1.5328506507876551
1388 0.24987098754564246 -1.5037577319516406
1390 0.2441423396577491 -1.4753029140141685
1392 0.23873804948540087 -1.4474523364729166
1394 0.23363536953163558 -1.4201742249915144
1396 0.22881363980221295 -1.3934387309094771
1398 0.2242540647434767 -1.3672177838731088
1400 0.21993951752236404 -1.3414849565510036
1402 0.2158543679229136 -1.3162153404487837
1404 0.21198433068977648 -1.2913854318945805
1406 0.20831633161580723 -1.2669730273300015
1408 0.204838389062974 -1.2429571271027844
1410 0.20153950893675773 -1.2193178470218806
1412 0.19840959141351575 -1.196036336994283
1414 0.19543934795725473 -1.173094706121094
1416 0.19262022736306567 -1.1504759536834352
1418 0.18994434973575328 -1.1281639054984922
1420 0.18740444745816923 -1.10614315517358
1422 0.1849938123283494 -1.084399009825982
1424 0.18270624815171602 -1.0629174398775936
1426 0.18053602816616884 -1.0416850325668938
1428 0.1784778567571708 -1.0206889488548072
1430 0.176526834987726 -0.9999168834282361
1432 0.17467842952729598 -0.9793570275336141
1434 0.17292844461445975 -0.9589980343954237
1436 0.17127299673233998 -0.9388289869970213
1438 0.1697084917144559 -0.9188393680213758
1440 0.16823160403174808 -0.8990190317656411
1442 0.16683925804103597 -0.8793581778610947
1444 0.1655286110005859 -0.8598473266440477
1446 0.16429703768072162 -0.840477296035626
1448 0.1631421164172408 -0.8212391798019337
1450 0.16206161647240694 -0.8021243270748297
1452 0.16105348658373242 -0.783124323025071
1454 0.16011584459400244 -0.7642309705867466
1456 0.15924696806794306 -0.7454362731410286
1458 0.15844528581148437 -0.7267324180735101
1460 0.15770937021888554 -0.7081117611261827
1462 0.15703793038131544 -0.6895668114708317
1464 0.15642980589799108 -0.6710902174358986
1466 0.1558839613376125 -0.6526747528231547
1468 0.15539948130376768 -0.6343133037550661
1470 0.15497556606349824 -0.6159988559969007
1472 0.15461152770302708 -0.5977244827024355
1474 0.15430678677909174 -0.5794833325325364
1476 0.15406086943840203 -0.5612686181008187
1478 0.1538734049815 -0.543073604702152
1480 0.1537441238506052 -0.524891599280744
1482 0.15367285602435485 -0.506715939598005
1484 0.15365952980522804 -0.48853998356033745
1486 0.15370417098824884 -0.4703570986690536
1488 0.15380690240230316 -0.45216065155538143
1490 0.15396794381780526 -0.4339439975641445
1492 0.15418761221702418 -0.4157004703503172
1494 0.1544663224257351 -0.397423371453008
1496 0.15480458810717432 -0.37910595981161
1498 0.15520302312169032 -0.3607414411884265
1500 0.15566234325776557 -0.3423229574625587
1502 0.15618336834256868 -0.32384357575798767
1504 0.15676702474250878 -0.30529627736996784
1506 0.1574143482668519 -0.2866739464512724
1508 0.1581264874902047 -0.26796935841917374
1510 0.15890470751213134 -0.24917516804382514
1512 0.15975039417544276 -0.23028389717512923
1514 0.16066505876757756 -0.21128792206513966
1516 0.16165034323283334 -0.19217946024005764
1518 0.16270802592689415 -0.17295055687381106
1520 0.16384002794896263 -0.15359307061225658
1522 0.16504842009086418 -0.13409865879503127
1524 0.16633543044734841 -0.1144587620171434
1526 0.16770345273655698 -0.0946645879709891
1528 0.16915505538540862 -0.07470709450296088
1530 0.17069299144056224 -0.05457697181684168
1532 0.1723202093723897 -0.034264623749245174
1534 0.17403986484684142 -0.013760148038254594
1536 0.1758553335482402 0.00694668449973502
1538 0.177770225145361 0.02786645197742323
1540 0.1797883985030329 0.04901010472593692
1542 0.1819139782532435 0.07038898997378956
1544 0.1841513728520491 0.09201487803016312
1546 0.18650529426298434 0.11389999009728377
1548 0.1889807794235354 0.13605702784730636
1550 0.19158321366902523 0.15849920490986452
1552 0.194318356308296 0.18124028042907675
1554 0.19719236856830505 0.2042945948635913
1556 0.20021184414997067 0.22767710821609408
1558 0.20338384266643955 0.2514034408971871
1560 0.20671592626752042 0.2754899174458403
1562 0.21021619979065814 0.2999536133483151
1564 0.21389335482080524 0.32481240521995036
1566 0.2177567180883868 0.35008502463591146
1568 0.22181630468938376 0.37579111592678327
1570 0.22608287667231322 0.4019512982800088
1572 0.230568007607098 0.42858723252074105
1574 0.23528415383170245 0.4557216929813894
1576 0.24024473316324652 0.48337864490264465
1578 0.24546421196680182 0.5115833278546156
1580 0.25095820159526905 0.5403623457058481
1582 0.2567435653538494 0.5697437637199387
1584 0.2628385373030707 0.5997572134090637
1586 0.2692628544001865 0.6304340058307196
1588 0.2760379036941015 0.661807254074032
1590 0.2831868865379594 0.6939120057451111
1592 0.29073500207390107 0.7267853863295526
1594 0.29870965258164883 0.7604667543805965
1596 0.3071406736760261 0.7949978695525495
1598 0.3160605927997958 0.8304230745774197
1600 0.32550491999572667 0.8667894923488447
1602 0.3355124755760767 0.9041472393523936
1604 0.3461257600514369 0.9425496567374327
1606 0.35739137255810427 0.9820535603743605
1608 0.36936048506098573 1.0227195112666576
1610 0.38208938083538385 1.0646121076797286
1612 0.39564006718814165 1.1078003002946535
1614 0.4100809741108268 1.1523577315779345
1616 0.4254877526208771 1.1983631003415525
1618 0.4419441890124565 1.2459005521298487
1620 0.45954325418879355 1.2950600955486735
1622 0.47838831078540184 1.3459380438903865
1624 0.4985945050452242 1.3986374803133852
1626 0.5202903755236687 1.4532687432883309
1628 0.5436197168733908 1.5099499268631453
1630 0.5687437444090092 1.5688073873002477
1632 0.5958436141631388 1.6299762435119818
1634 0.6251233640452338 1.6936008530451632
1636 0.6568133549120112 1.7598352375964819
1638 0.6911743063273759 1.8288434214147018
1640 0.7285020410924864 1.9007996314143745
1642 0.7691330759077438 1.9758882879692388
1644 0.813451223504365 2.0543036881938552
1646 0.8618954049946409 2.1362492463360616
1648 0.914968910749388 2.221936104943626
1650 0.9732503943079364 2.311580860519891
1652 1.0374069366800274 2.40540205125361
1654 1.1082095769268294 2.5036149221282042
1656 1.1865517662571228 2.6064238005280163
1658 1.2734712608235972 2.714011164445315
1660 1.3701760108742966 2.8265221397827553
1662 1.4780746086962528 2.944042688234347
1664 1.59881178578642 3.0665690970172186
1666 1.7343092334858146 3.1939654977194305
1668 1.886811547265829 3.325904953287109
1670 2.0589361746009995 3.4617880840715545
1672 2.2537245735502784 3.6006311955477126
1674 2.4746888768855513 3.7409134261499166
1676 2.7258434546328463 3.880369729303784
1678 3.0117027739698736 4.015714101007089
1680 3.337214373923365 4.142276716095838
1682 3.7075768711004478 4.253542395044538
1684 4.127866429974995 4.340591549532613
1686 4.602362252984984 4.391477922364941
1688 5.1334304618761895 4.390644397463642
1690 5.719819532111464 4.318595767551339
1692 6.3542891944353075 4.152223113228433
1694 7.020721245611291 3.866375169309959
1696 7.691333952484208 3.437368181218286
1698 8.325328344416024 2.848843520232746
1700 8.870909847643803 2.0993834052651685
1702 9.272373923074479 1.2095626248682247
1704 9.481983067751395 0.2245621747987893
1706 9.473016912130447 -0.791063090206085
1708 9.24803878184587 -1.766301721454481
1710 8.83792580665508 -2.6393641732508946
1712 8.29224927805307 -3.3693085309624284
1714 7.66612276158841 -3.939595398935934
1716 7.009193111906403 -4.354357304544817
1718 6.359651227430989 -4.631094815917775
1720 5.742992395445799 -4.7934040719153135
1722 5.173705382680626 -4.86564708528255
1724 4.658068951599065 -4.869888250490745
1726 4.196899489282434 -4.82460275942655
1728 3.787749084558545 -4.744485272530431
1730 3.4264633419386388 -4.640814808570424
1732 3.108192838587703 -4.522026888024382
1734 2.8280011985127302 -4.394304046010767
1736 2.5812005545182215 -4.2620996949966825
1738 2.363514244150191 -4.128568292281777
1740 2.171135960041448 -3.9959029853266372
1742 2.000730451951135 -3.8655932882510293
1744 1.8494038300062265 -3.7386181965354215
1746 1.7146602179481472 -3.6155891987999147
1748 1.5943543316584718 -3.4968553397547537
1750 1.486645154334706 -3.382579977175569
1752 1.389953256280116 -3.2727966295744593
1754 1.3029227943072383 -3.16744947217528
1756 1.2243883887451716 -3.0664226035687534
1758 1.1533466413416225 -2.969561116655817
1760 1.0889318563040047 -2.8766861958016126
1762 1.0303954571749228 -2.7876058634782144
1764 0.9770885933579678 -2.7021225609844333
1766 0.9284474663811199 -2.620038427538612
1768 0.8839809571202946 -2.5411589085665454
1770 0.843260190062225 -2.465295153895441
1772 0.8059097234411097 -2.392265542556873
1774 0.7716001020079172 -2.3218965804004843
1776 0.7400415512885442 -2.2540233505855856
1778 0.7109786283817842 -2.188489648609264
1780 0.684185675040159 -2.1251478980428726
1782 0.6594629445618911 -2.063858917098267
1784 0.6366332955488057 -2.004491586987237
1786 0.6155393634947232 -1.946922458954021
1788 0.5960411360236181 -1.8910353264814
1790 0.5780138699133188 -1.836720781538759
1792 0.5613462982417796 -1.78387576812112
1794 0.5459390844502524 -1.732403142202149
1796 0.5317034871336936 -1.6822112442023927
1798 0.5185602051970074 -1.6332134878657911
1800 0.5064383778662503 -1.5853279678375924
1802 0.49527471808925 -1.5384770870834654
1804 0.4850127612404731 -1.4925872044659618
1806 0.47560221388025314 -1.4475883022206684
1808 0.46699838970050517 -1.4034136726772861
1810 0.4591617218010953 -1.3599996233081855
1812 0.452057342143859 -1.3172851990232703
1814 0.4456547204830306 -1.2752119205356673
1816 0.43992735631173524 -1.2337235375796223
1818 0.4348525184363878 -1.1927657957595814
1820 0.4304110277199185 -1.1522862158293947
1822 0.4265870793526317 -1.1122338842445774
1824 0.4233681017336756 -1.0725592538855246
1826 0.42074464969947495 -1.0332139539192222
1828 0.41871033043250816 -0.9941506078433954
1830 0.4172617609412684 -0.9553226588455173
1832 0.4163985565314067 -0.9166842017054698
1834 0.4161233502052627 -0.878189820581553
1836 0.41644184343980684 -0.8397944321422773
1838 0.4173628893170546 -0.801453133653214
1840 0.4188986095267262 -0.7631210557952979
1842 0.421064547340547 -0.7247532201972895
1844 0.42387985928534844 -0.6863044019079733
1846 0.4273675489311637 -0.6477289973393804
1848 0.43155474697821805 -0.6089808985847806
1850 0.436473042688468 -0.5700133754849427
1852 0.4421588726843548 -0.5307789674037908
1854 0.44865397425029085 -0.49122938741785144
1856 0.45600591154537645 -0.4513154425655112
1858 0.4642686845953592 -0.41098697499781933
1860 0.473503432605874 -0.37019283039776263
1862 0.4837792450571212 -0.32888086198123545
1864 0.4951740962334985 -0.2869979808791515
1866 0.5077759213334366 -0.24449026689032757
1868 0.521683855118978 -0.20130315768030538
1870 0.5370096572048407 -0.15738173975195252
1872 0.5538793515345558 -0.11267117126154773
1874 0.5724351112890561 -0.06711727543702388
1876 0.5928374242902738 -0.020667354535015746
1878 0.6152675776709187 0.026728711330735865
1880 0.6399305037780061 0.07511699761597171
1882 0.667058031317804 0.12453759430379055
1884 0.6969125855917234 0.17502205302271684
1886 0.7297913777080575 0.2265900456933501
1888 0.7660311124067074 0.2792450079701917
1890 0.806013223845186 0.3329684772049148
1892 0.8501696127472621 0.38771275479849127
1894 0.8989887983715764 0.4433914237388283
1896 0.9530223026041023 0.4998671315686747
1898 1.012890933505394 0.5569359065648506
1900 1.079290406842698 0.6143071141842962
1902 1.1529954019547144 0.6715779935996027
1904 1.2348606465127518 0.7282015669743891
1906 1.3258169049693218 0.783446639501535
1908 1.4268587403479032 0.8363487015705875
1910 1.539019564845392 0.8856509692274627
1912 1.663327762178843 0.9297358196486307
1914 1.800735623574639 0.9665488955201009
1916 1.9520107787661831 0.9935217231380189
1918 2.1175784303788894 1.0075044863261693
1920 2.297303420565387 1.0047292169118924
1922 2.490206372830609 0.980835124645186
1924 2.6941213201425045 0.9310005671339194
1926 2.9053271620569534 0.8502356689592954
1928 3.1182237751924657 0.7338866544693106
1930 3.3251706255882874 0.5783738820559696
1932 3.516643257006361 0.3821171219920469
1934 3.6818573421164764 0.14649376750735732
1936 3.809922473722473 -0.12344062860159856
1938 3.891406382590942 -0.41879561826256506
1940 3.9199680173918336 -0.7274940597363401
1942 3.8935775363055134 -1.0357182640904805
1944 3.8149052199410813 -1.3298287132747117
1946 3.6907414060871897 -1.598219584166733
1948 3.53066508921645 -1.8326077996015586
1950 3.345411953479667 -2.028504704542187
1952 3.1453994005752897 -2.1849319545413817
1954 2.9396956609954317 -2.3036520641804676
1956 2.73550325450686 -2.3882290653823186
1958 2.5380699851741344 -2.4431594970853996
1960 2.3508765269341865 -2.4731985921747257
1962 2.1759566512379145 -2.4829097829274644
1964 2.0142461924727257 -2.4764087456898034
1966 1.8659008692664072 -2.4572516640201103
1968 1.7305571613405804 -2.428417720619903
1970 1.6075317289783875 -2.3923458091615797
1972 1.4959657243964595 -2.3509974094353736
1974 1.3949243996660885 -2.305927884558594
1976 1.3034627257245053 -2.258356071304764
1978 1.2206663530835227 -2.209227104509668
1980 1.1456753426641269 -2.159266524103272
1982 1.0776962544391218 -2.1090254658673677
1984 1.0160066325551482 -2.0589176244821608
1986 0.9599547179309396 -2.0092490481647967
1988 0.9089563222326749 -1.9602419068923205
1990 0.8624901527210009 -1.9120533121057457
1992 0.8200924261022468 -1.864790137630853
1994 0.7813512997650273 -1.8185206449961233
1996 0.7459014400484055 -1.7732835747265767
1998 0.7134189090425861 -1.729095239039624
2000 0.6836164617803462 -1.6859550440689235
2002 0.6562392889180562 -1.6438497811187227
2004 0.6310612052240895 -1.6027569546376044
2006 0.60788126391433 -1.562647357175352
2008 0.5865207660049206 -1.5234870560634253
2010 0.5668206289746884 -1.4852389207051502
2012 0.5486390778589861 -1.4478637912273824
2014 0.5318496229322196 -1.4113213672304978
2016 0.5163392904030092 -1.3755708781758829
2018 0.5020070754152999 -1.340571583519446
2020 0.48876258973556125 -1.306283140220303
2022 0.4765248795692045 -1.2726658670672124
2024 0.46522139185695427 -1.2396809288699937
2026 0.45478707008412933 -1.2072904585670798
2028 0.44516356305749133 -1.1754576313803455
2030 0.4362985322693741 -1.144146702088476
2032 0.42814504537825054 -1.1133230140809092
2034 0.42066104501348167 -1.082952986968524
2036 0.41380888357723944 -1.0530040880427354
2038 0.4075549159931705 -1.0234447917080343
2040 0.4018691434610443 -0.9942445300949903
2042 0.3967249022401339 -0.9653736373367617
2044 0.3920985923217304 -0.9368032894250347
2046 0.3879694415787519 -0.908505441111468
2048 0.38431930161489497 -0.8804527609703746
2050 0.38113247209016654 -0.8526185654619505
2052 0.3783955507850503 -0.824976752619679
2054 0.3760973070949806 -0.7975017358187435
2056 0.37422857702624557 -0.7701683779533146
2058 0.3727821781050141 -0.7429519262535879
2060 0.37175284291773997 -0.7158279479013865
2062 0.37113717028206034 -0.6887722665535917
2064 0.3709335933061995 -0.6617608998504731
2066 0.371142363839252 -0.6347699979690007
2068 0.3717655530469742 -0.6077757832823224
2070 0.3728070680748333 -0.5807544911968415
2072 0.3742726849837998 -0.5536823122672929
2074 0.3761700983714505 -0.5265353357308697
2076 0.3785089883235656 -0.499289494661113
2078 0.38130110558453184 -0.47192051301890386
2080 0.38456037609389027 -0.44440385497667856
2082 0.38830302631365804 -0.4167146770183834
2084 0.3925477310738788 -0.38882778347402475
2086 0.3973157859957977 -0.36071758634324425
2088 0.40263130691949955 -0.3323580705053541
2090 0.4085214591716464 -0.3037227657146104
2092 0.41501671996513917 -0.27478472715280583
2094 0.42215117773381655 -0.24551652677354868
2096 0.4299628727767176 -0.21589025824819325
2098 0.43849418422764647 -0.18587755903370498
2100 0.44779226907944275 -0.15544965396950516
2102 0.4579095597874056 -0.12457742590870316
2104 0.468904327852787 -0.09323152025706902
2106 0.4808413217451695 -0.06138249199786221
2108 0.4937924885568482 -0.029001005899621537
2110 0.5078377898723636 0.003941896747215375
2112 0.5230661234573859 0.0374744482217616
2114 0.5395763634659588 0.07162370053133528
2116 0.5574785328534937 0.10641494173844165
2118 0.5768951224363982 0.14187095015195833
2120 0.5979625713610044 0.17801104609374938
2122 0.6208329233453331 0.21484989101445356
2124 0.6456756715151889 0.2523959713974322
2126 0.6726798013510648 0.2906496896229791
2128 0.7020560353084488 0.32960096515815546
2130 0.7340392728114091 0.36922622643110725
2132 0.768891203752774 0.4094846458471014
2134 0.8069030498640057 0.450313437013901
2136 0.8483983528569339 0.4916219939989227
2138 0.8937356763178839 0.5332846075443664
2140 0.9433110134943106 0.5751314438716253
2142 0.9975595868130479 0.6169374211681549
2144 1.0569565761914044 0.6584085734283691
2146 1.122016108353775 0.6991654626258035
2148 1.1932875626836177 0.7387232080584846
2150 1.2713478844364763 0.7764677784791157
2152 1.3567881308859542 0.8116283887844509
2154 1.4501919096571974 0.8432462339574484
2156 1.552102727947291 0.8701404852866064
2158 1.6629766365654652 0.890873607976853
2160 1.7831160966960884 0.9037197997532277
2162 1.9125810399174554 0.9066428503498876
2164 2.051074159621338 0.8972930398298199
2166 2.1978003317717474 0.8730366307034512
2168 2.3513056642619663 0.831035351270343
2170 2.509310878069493 0.7683954597721148
2172 2.668566670363088 0.6824038718926922
2174 2.824773750192079 0.5708588597914769
2176 2.972622668771246 0.4324816545358572
2178 3.1060100716470473 0.2673624060503455
2180 3.2184684062897797 0.07735537875520722
2182 3.3037989306124724 -0.13369101655999274
2184 3.356828616770234 -0.3599824906549543
2186 3.3741433960258496 -0.5941702214927115
2188 3.354618437021327 -0.8280582854210766
2190 3.29959861938683 -1.0534968533521358
2192 3.2126766664463564 -1.263263924424883
2194 3.09913426235596 -1.4517428443974987
2196 2.9651999108718785 -1.6152762207747824
2198 2.81730170745207 -1.752180999558372
2200 2.66145559701527 -1.8624971011533658
2202 2.50286000792296 -1.9475845111687238
2204 2.3457005029818077 -2.009680493428184
2206 2.193124270484062 -2.0514974537956427
2208 2.047327587769264 -2.0759037329697887
2210 1.909702553574833 -2.0856981115925373
2212 1.781002317602697 -2.0834691151252134
2214 1.6614988665648114 -2.071521324300928
2216 1.5511198857268491 -2.0518494023377056
2218 1.4495599269965953 -2.026142978950907
2220 1.3563663372413297 -1.9958093845739988
2222 1.2710030149378015 -1.9620050723242748
2224 1.192895994970401 -1.925669762732316
2226 1.1214648428774467 -1.8875597363285672
2228 1.0561433671405691 -1.8482783535264315
2230 0.9963925296409519 -1.8083029543038145
2232 0.9417078097326855 -1.7680079424222561
2234 0.8916227291140166 -1.7276842252595517
2236 0.8457097960500533 -1.687555362545139
2238 0.803579776644156 -1.6477908469688811
2240 0.7648799350064402 -1.6085169445856369
2242 0.7292916874516806 -1.569825493709492
2244 0.6965279730088859 -1.531781016297923
2246 0.6663305404214249 -1.4944264465677548
2248 0.6384672799000297 -1.4577877337489404
2250 0.6127296779497272 -1.4218775323954307
2252 0.5889304394530308 -1.3866981557034996
2254 0.5669012982720617 -1.3522439349877813
2256 0.5464910226009507 -1.3185031014798951
2258 0.5275636117520416 -1.2854592843506845
2260 0.5099966752785894 -1.2530927006541337
2262 0.4936799821100338 -1.221381098101849
2264 0.478514165852638 -1.1903004996214983
2266 0.46440957199124444 -1.1598257890123624
2268 0.4512852330125287 -1.1299311692616958
2270 0.43906795817280003 -1.100590518859079
2272 0.42769152556769313 -1.0717776664520249
2274 0.41709596520178505 -1.0434666001772908
2276 0.40722692282184564 -1.0156316247899304
2278 0.3980350953174885 -0.988247477130779
2280 0.3894757294780054 -0.9612894084040606
2282 0.3815081768067931 -0.9347332400730607
2284 0.37409549792849345 -0.9085553988445171
2286 0.36720411087735 -0.8827329351371894
2288 0.36080347823086806 -0.8572435285645279
2290 0.3548658286542099 -0.832065483262748
2292 0.3493659089552583 -0.8071777153338636
2294 0.3442807632220122 -0.782559734218708
2296 0.3395895360311017 -0.7581916194490564
2298 0.3352732970827566 -0.7340539939307942
2300 0.3313148849408673 -0.7101279946713583
2302 0.3276987678408738 -0.6863952416709848
2304 0.3244109197782191 -0.662837805540334
2306 0.3214387103099429 -0.6394381742802004
2308 0.3187708066962501 -0.6161792195572747
2310 0.31639708717951714 -0.5930441627255967
2312 0.31430856434952803 -0.5700165407774637
2314 0.31249731767765654 -0.5470801723520875
2316 0.3109564344215667 -0.5242191238872675
2318 0.3096799582080829 -0.50141767596324
2320 0.3086628446967902 -0.47866028985940134
2322 0.30790092381228346 -0.4559315743211834
2324 0.3073908681103356 -0.4332162525161266
2326 0.30713016691358364 -0.41049912914271924
2328 0.30711710591697206 -0.38776505764352004
2330 0.30735075202328355 -0.36499890746468533
2332 0.3078309432251229 -0.3421855312960372
2334 0.30855828340291147 -0.3193097322198909
2336 0.3095341419596299 -0.2963562306919701
2338 0.31076065826259325 -0.2733096312750952
2340 0.31224075091158265 -0.2501543890421405
2342 0.3139781319017461 -0.22687477556622834
2344 0.3159773257993099 -0.20345484441249861
2346 0.31824369409951614 -0.179878396049514
2348 0.32078346498961385 -0.1561289420979767
2350 0.32360376879602437 -0.13218966883924319
2352 0.32671267945524807 -0.10804339990943561
2354 0.33011926241277595 -0.08367255811311053
2356 0.33383362942519784 -0.05905912629785962
2358 0.3378670008176199 -0.03418460724393808
2360 0.3422317758345429 -0.00902998253741783
2362 0.3469416118163863 0.016424329584981086
2364 0.3520115130398876 0.04219851740720031
2366 0.3574579301783535 0.06831341987784999
2368 0.36329887147064716 0.09479057164547194
2370 0.3695540268368559 0.12165224885463086
2372 0.3762449063472426 0.14892151551278648
2374 0.3833949946416045 0.17662227016224882
2376 0.391029923112183 0.20477929249922763
2378 0.3991776619080056 0.23341828946606555
2380 0.4078687340965377 0.262565940199355
2382 0.41713645463490917 0.29224993904131963
2384 0.4270171971614055 0.3224990356006843
2386 0.43755069202678487 0.35334307058067127
2388 0.44878035944868055 0.3848130057562286
2390 0.4607536821995338 0.41694094606879745
2392 0.4735226228362833 0.44976015129610863
2394 0.4871440911577375 0.4833050341211424
2396 0.5016804683407334 0.5176111406417925
2398 0.5172001950686863 0.5527151083928378
2400 0.5337784319337983 0.5886545957511916
2402 0.5514978014730525 0.6254681751061116
2404 0.5704492223941661 0.6631951803295841
2406 0.590732847856993 0.7018754967887754
2408 0.6124591210947786 0.7415492792973027
2410 0.635749963162855 0.7822565798623099
2412 0.6607401091573787 0.8240368626888
2414 0.6875786107865234 0.8669283784355495
2416 0.7164305245991265 0.9109673629202634
2418 0.7474788063235892 0.9561870170254184
2420 0.7809264324049245 1.0026162140685264
2422 0.8169987695935896 1.0502778678941016
2424 0.8559462118240228 1.0991868788472885
2426 0.8980470998754976 1.1493475549312286
2428 0.9436109323644695 1.2007503810458753
2430 0.9929818649625355 1.2533679794019288
2432 1.0465424762337774 1.3071500680940935
2434 1.1047177501535104 1.3620171815534614
2436 1.1679791830905895 1.4178528655867506
2438 1.2368488611595774 1.4744940009045953
2440 1.3119032647528786 1.531718843508337
2442 1.393776430646212 1.5892323011160123
2444 1.4831619252292845 1.6466478984189528
2446 1.580812838767197 1.703465832400368
2448 1.6875386806716333 1.7590465030326536
2450 1.8041976183664918 1.8125789586210577
2452 1.9316819381861345 1.8630438727882834
2454 2.070893906149232 1.9091710530375237
2456 2.222708383841019 1.9493921864049002
2458 2.387917673667803 1.9817907154188819
2460 2.567153281434067 2.0040526062541035
2462 2.760778892668939 2.013424534348117
2464 2.9687493817061568 2.0066898320255557
2466 3.190432913672186 1.9801773852213875
2468 3.4243982562937076 1.9298240587423972
2470 3.6681785242108664 1.8513158971360206
2472 3.918036623230663 1.7403348184403467
2474 4.16877622370771 1.5929319374316595
2476 4.413661984715511 1.4060313277209406
2478 4.644526590791824 1.1780353574199722
2480 4.852138301394121 0.9094558990587313
2482 5.026868545796395 0.6034451589938942
2484 5.159628994164242 0.26606718668635265
2486 5.242953046540575 -0.09383650401875925
2488 5.272011267829328 -0.46525882389558126
2490 5.245319161237324 -0.8360612598891043
2492 5.164949836597933 -1.1942412695553937
2494 5.036194408644785 -1.5291639569236888
2496 4.866767300355961 -1.8325030037567656
2498 4.66576572696516 -2.0987360240812283
2500 4.442621615905326 -2.325176168693812
2502 4.206234442596486 -2.5116359593603748
2504 3.9643827835284053 -2.6598757642705517
2506 3.7234239810868095 -2.7729871259087777
2508 3.488232011419346 -2.8548221492572936
2510 3.2622990618621084 -2.909530441375656
2512 3.0479281023101317 -2.9412227521633927
2514 2.846459365440847 -2.953752773808232
2516 2.6584928750220125 -2.9505949952286143
2518 2.484086040662939 -2.934793077115418
2520 2.3229176417910518 -2.90895552288167
2522 2.174417269396735 -2.875280118416552
2524 2.0378634627357224 -2.835593654143471
2526 1.9124555285823988 -2.7913978285640653
2528 1.7973643382838198 -2.7439156322494616
2530 1.6917669570852278 -2.694134945989024
2532 1.5948692100823105 -2.642847723037346
2534 1.5059194791932065 -2.5906841615613843
2536 1.4242162803820646 -2.5381418876604402
2538 1.349111539996792 -2.4856105023062764
2540 1.280010982798645 -2.433391999823007
2542 1.2163726517727225 -2.381717611956295
2544 1.1577042832922482 -2.3307616170152055
2546 1.1035600415955518 -2.2806526077516076
2548 1.0535369565111827 -2.2314826527157434
2550 1.0072712933941803 -2.183314724311836
2552 0.9644350027183439 -2.1361887083635724
2554 0.9247323397434394 -2.0901262574194037
2556 0.8878967053657619 -2.045134704262315
2558 0.8536877326303985 -2.001210213136739
2560 0.8218886257485962 -1.9583403135761963
2562 0.7923037471330961 -1.91650593467579
2564 0.7647564410194797 -1.8756830354368004
2566 0.7390870782966416 -1.8358439086536023
2568 0.7151513052500112 -1.7969582210395876
2570 0.6928184783399509 -1.7589938403027978
2572 0.6719702674160114 -1.7219174901800087
2574 0.6524994105687415 -1.6856952665879885
2576 0.6343086049251676 -1.6502930417127568
2578 0.6173095189421902 -1.6156767777345176
2580 0.6014219130497279 -1.5818127677512428
2582 0.5865728567714882 -1.5486678181187257
2584 0.5726960316742215 -1.516209383727535
2586 0.5597311106348996 -1.4844056655490052
2588 0.5476232049668192 -1.4532256780178106
2590 0.5363223719001453 -1.4226392923856237
2592 0.5257831757758005 -1.3926172610222418
2594 0.5159642970851652 -1.363131226700333
2596 0.5068281841798323 -1.3341537201384535
2598 0.4983407430909502 -1.3056581484588303
2600 0.49047106144496505 -1.2776187767164984
2602 0.4831911629474484 -1.2500107042490403
2604 0.4764757893371561 -1.2228098372698413
2606 0.4703022070936811 -1.1959928588610982
2608 0.464650036520204 -1.1695371973094273
2610 0.4595011011237766 -1.1434209935577793
2612 0.4548392954823323 -1.1176230684093207
2614 0.4506504700261621 -1.0921228900143047
2616 0.4469223313749178 -1.0669005420876185
2618 0.4436443570622243 -1.041936693244589
2620 0.4408077236527871 -1.017212567797645
2622 0.4384052474126656 -0.9927099183298279
2624 0.43643133683615604 -0.9684110003460893
2626 0.4348819564626057 -0.9442985493020775
2628 0.4337546015373038 -0.9203557603217557
2630 0.43304828318167343 -0.8965662709359054
2632 0.43276352384303823 -0.8729141472096319
2634 0.4329023628919936 -0.8493838736722668
2636 0.4334683723290681 -0.8259603475234658
2638 0.43446668265001703 -0.8026288776627037
2640 0.4359040190041838 -0.7793751891799373
2642 0.4377887478597368 -0.7561854340520169
2644 0.44013093446587187 -0.7330462089186551
2646 0.44294241147269087 -0.709944580962742
2648 0.44623685913417177 -0.6868681230984747
2650 0.4500298975763977 -0.663804959881514
2652 0.45433919165941417 -0.640743825801107
2654 0.45918456899307025 -0.617674137903085
2656 0.4645881516798727 -0.5945860850303345
2658 0.4705745023450072 -0.5714707363619019
2660 0.4771707849659633 -0.5483201723910403
2662 0.48440694092009506 -0.5251276420190617
2664 0.4923158805137378 -0.5018877500623247
2666 0.5009336900203584 -0.4785966801907707
2668 0.5102998539136305 -0.45525245914638685
2670 0.5204574915022618 -0.43185526904506855
2672 0.5314536065144068 -0.4084078156547184
2674 0.5433393472905771 -0.384915761779718
2676 0.5561702740577981 -0.36138823626941696
2678 0.5700066281927844 -0.3378384307102301
2680 0.5849135963352224 -0.31428429754265436
2682 0.600961559556381 -0.29074936514044203
2684 0.6182263143697984 -0.2672636872447577
2686 0.6367892479999467 -0.24386494597208547
2688 0.6567374447828267 -0.22059972926609064
2690 0.6781636935996684 -0.1975250049245758
2692 0.7011663575541359 -0.1747098138790563
2694 0.7258490563856591 -0.1522372047750596
2696 0.7523200990618107 -0.13020642944636504
2698 0.7806915883477594 -0.108735413701831
2700 0.811078100772585 -0.08796350874512046
2702 0.8435948243762703 -0.06805451394643891
2704 0.8783550134162653 -0.04919993955942184
2706 0.9154665949548381 -0.031622445837004284
2708 0.9550277390524311 -0.015579349915517014
2710 0.9971211856926065 -0.0013660306003573227
2712 1.0418071130922493 0.01068101933519413
2714 1.0891143418321072 0.020181845877199293
2716 1.1390297085631351 0.0267118682480485
2718 1.1914855266296083 0.029802514717846177
2720 1.2463451965619208 0.028944431220342137
2722 1.303387256157594 0.023594176001719026
2724 1.3622884845358356 0.013185413025109756
2726 1.4226071048142581 -0.0028543737241092273
2728 1.483767654475124 -0.025080767077408785
2730 1.5450496674066496 -0.05400239832158752
2732 1.605582847696599 -0.0900441859914231
2734 1.6643517691981173 -0.1335049994809445
2736 1.7202131152479658 -0.1845122293870544
2738 1.7719278707709913 -0.24297723410523955
2740 1.8182095304963857 -0.3085570221116304
2742 1.8577872630944157 -0.3806284256749607
2744 1.8894802692844304 -0.45828097678173524
2746 1.9122767639850178 -0.54033335220247
2748 1.9254087938595876 -0.6253755235674655
2750 1.9284132161854874 -0.7118349541789712
2752 1.9211701379868633 -0.7980610781014322
2754 1.903912996239839 -0.8824188854652765
2756 1.8772087167687501 -0.9633806576607661
2758 1.8419110266439012 -1.0396052642643678
2760 1.7990938858631118 -1.1099968413105574
2762 1.74997427995002 -1.173738427421764
2764 1.6958339358214078 -1.2303002393198683
2766 1.6379481198576558 -1.2794257701929213
2768 1.5775271792172374 -1.3211011757564637
2770 1.5156736489750289 -1.3555142971499157
2772 1.4533552020959073 -1.3830093546388984
2774 1.3913918461033605 -1.4040422379126887
2776 1.3304546828624584 -1.4191398599793243
2778 1.2710731614376491 -1.4288655907324426
2780 1.2136478810471951 -1.4337915675129411
2782 1.1584664336416783 -1.4344777887842564
2784 1.105720336525701 -1.431457334132635
2786 1.0555216698220258 -1.4252267661481521
2788 1.0079185287627783 -1.4162406841740791
2790 0.962908795418133 -1.4049094451106272
2792 0.9204520247610364 -1.3915991839689117
2794 0.8804794375229993 -1.376633414357185
2796 0.8429021351657964 -1.3602956391330812
2798 0.8076177194082098 -1.3428325384812363
2800 0.7745155269070898 -1.3244574194371526
2802 0.7434806924651478 -1.3053537055061197
2804 0.7143972416779911 -1.2856783187152132
2806 0.6871503934329999 -1.2655648618873399
2808 0.6616282289187548 -1.2451265493349404
2810 0.6377228598127246 -1.224458862677113
2812 0.6153312058120447 -1.2036419278663781
2814 0.5943554715482744 -1.1827426221035928
2816 0.5747033955004492 -1.1618164269802822
2818 0.5562883287926386 -1.1409090483666933
2820 0.539029189540947 -1.1200578253505147
2822 0.5228503284163961 -1.0992929507280351
2824 0.5076813330139752 -1.0786385247434647
2826 0.49345679215359683 -1.0581134623678188
2828 0.480116036114054 -1.0377322726946825
2830 0.4676028647670322 -1.0175057271934167
2832 0.4558652724294462 -0.9974414317284835
2834 0.44485517580942996 -0.9775443154999155
2836 0.43452814954166485 -0.9578170484296112
2838 0.424843172372469 -0.9382603970348597
2840 0.4157623859684269 -0.9188735274972241
2842 0.40725086750814626 -0.8996542634533089
2844 0.3992764166145984 -0.8805993049944617
2846 0.39180935674622586 -0.8617044144531151
2848 0.38482235085184413 -0.842964573764508
2850 0.3782902308768274 -0.8243741175087191
2852 0.37218984056332854 -0.8059268451483397
2854 0.3664998908972766 -0.7876161154697898
2856 0.36120082750561466 -0.7694349258008677
2858 0.3562747092879005 -0.7513759782031537
2860 0.3517050975691093 -0.7334317345189768
2862 0.34747695507800797 -0.7155944618778767
2864 0.3435765540848415 -0.6978562700348914
2866 0.33999139306723714 -0.6802091417124027
2868 0.3367101213140797 -0.6626449569470171
2870 0.33372247091954843 -0.6451555122969637
2872 0.33101919566378357 -0.6277325356417027
2874 0.3285920163202753 -0.6103676971989939
2876 0.32643357197387296 -0.5930526172940935
2878 0.32453737697542756 -0.575778871339605
2880 0.3228977832002363 -0.5585379924176762
2882 0.3215099473173137 -0.5413214718018942
2884 0.32036980281443783 -0.5241207577078575
2886 0.31947403656120993 -0.5069272525226138
2888 0.3188200697277485 -0.4897323087290986
2890 0.3184060429113524 -0.47252722371402467
2892 0.3182308053571996 -0.4553032336249645
2894 0.3182939081922326 -0.4380515064239015
2896 0.3185956016240851 -0.42076313426958734
2898 0.31913683608949456 -0.4034291253512673
2900 0.31991926736945775 -0.38604039528767453
2902 0.32094526572151827 -0.3685877582024639
2904 0.3222179291136811 -0.351061917585643
2906 0.3237411006795244 -0.33345345705359347
2908 0.3255193905507262 -0.31575283112595176
2910 0.32755820226164245 -0.29795035614777515
2912 0.3298637639613251 -0.28003620149841557
2914 0.3324431647115706 -0.26200038124721226
2916 0.33530439619634206 -0.2438327464384387
2918 0.3384564002175484 -0.2255229782171857
2920 0.3419091224066258 -0.20706058204231947
2922 0.3456735726396927 -0.18843488327600355
2924 0.34976189270828323 -0.16963502448977824
2926 0.3541874318665732 -0.15064996489004048
2928 0.3589648309522608 -0.13146848233864247
2930 0.3641101158604172 -0.1120791785333397
2932 0.3696408012394334 -0.09247048801788048
2934 0.37557600537598385 -0.07263069181682857
2936 0.3819365773407465 -0.05254793664060427
2938 0.38874523758148527 -0.032210260783069655
2940 0.39602673327093213 -0.011605628047223038
2942 0.40380800984679405 0.009278028713104503
2944 0.41211840031746616 0.030452752547097225
2946 0.4209898340470976 0.05193049360878598
2948 0.43045706687695545 0.07372302393235469
2950 0.440557934579808 0.09584183259775035
2952 0.45133363177576064 0.11829799749647783
2954 0.46282901855203745 0.14110202918593356
2956 0.4750929571133205 0.16426368146010517
2958 0.48817868082666566 0.18779172224207333
2960 0.5021441979918221 0.21169365718716343
2962 0.5170527325331549 0.2359753969421476
2964 0.53297320353059 0.2606408572955807
2966 0.5499807450272268 0.2856914794321197
2968 0.5681572667952827 0.31112565512164747
2970 0.5875920556108408 0.33693803887778195
2972 0.608382414948996 0.36311872585765403
2974 0.6306343386945468 0.38965227049209183
2976 0.6544632112443379 0.41651651649076066
2978 0.6799945219689749 0.4436812039365493
2980 0.7073645760312597 0.47110631367929867
2982 0.7367211755577259 0.4987401032309913
2984 0.7682242345338914 0.5265167820204275
2986 0.8020462768116375 0.554353767495933
2988 0.8383727483864049 0.5821484577064754
2990 0.8774020515680084 0.6097744514983964
2992 0.9193451786294192 0.6370771456647817
2994 0.9644247846764713 0.6638686412486204
2996 1.0128734925860812 0.6899219016093971
2998 1.0649311659155067 0.7149641268739106
3000 1.1208408184106617 0.7386693486158834
