20 4.058667911575025 -26.150198551633125
22 3.525818425700811 -23.940691552817114
24 3.1003126899625935 -22.07698331145097
26 2.754104310138739 -20.483116975142558
28 2.467923149001818 -19.10393310375701
30 2.2281330762103315 -17.898392934478526
32 2.0248398092277027 -16.83532205231357
34 1.850707365955731 -15.890608352932272
36 1.7001932405165572 -15.045305250600556
38 1.5690400201126287 -14.284315985858264
40 1.4539290183275508 -13.59546117971466
42 1.352239099110515 -12.968805266315817
44 1.2618754632367668 -12.39616156106644
46 1.1811459763513743 -11.8707229695566
48 1.1086704303788524 -11.386782597271502
50 1.0433130180529735 -10.939519696393207
52 0.9841314287841021 -10.524833775076555
54 0.9303380179778684 -10.139214671718342
56 0.8812698623713656 -9.779639806605442
58 0.8363654350524126 -9.443492196315516
60 0.7951462672486741 -9.128494491293056
62 0.757202405870148 -8.832655495298786
64 0.7221807881829477 -8.554226493095832
66 0.6897758785705052 -8.291665348231213
68 0.6597220741881837 -8.043606803147354
70 0.6317875047438146 -7.808837765441552
72 0.6057689391585096 -7.586276629411336
74 0.5814875771484599 -7.374955883869774
76 0.5587855529088945 -7.174007412093017
78 0.537523015362422 -6.982650009526625
80 0.5175756779585127 -6.800178738112875
82 0.49883275297766305 -6.62595580921271
84 0.481195202346582 -6.459402744787904
86 0.46457425028502364 -6.299993612336499
88 0.44889011357255015 -6.147249165625567
90 0.43407091349992083 -6.000731752694173
92 0.4200517401513203 -5.860040876260094
94 0.4067738449265528 -5.724809310963053
96 0.3941839414423629 -5.594699697521719
98 0.38223359836725523 -5.469401546754582
100 0.37087871051904714 -5.3486285969833265
102 0.3600790368116434 -5.232116477045679
104 0.3497977954905714 -5.119620634414969
106 0.34000130861645145 -5.0109144939287145
108 0.33065868901317874 -4.905787817672818
110 0.3217415639352448 -4.804045240792364
112 0.3132238305771297 -4.705504961551629
114 0.30508143926811604 -4.609997566967268
116 0.2972922008002072 -4.517364977876289
118 0.2898356148461527 -4.427459499463223
120 0.2826927168523692 -4.34014296510317
122 0.27584594115243266 -4.255285962956323
124 0.26927899835563773 -4.172767136079881
126 0.26297676532412795 -4.092472547999784
128 0.25692518627638367 -4.014295106662376
130 0.25111118374320657 -3.938134040548549
132 0.2455225782668606 -3.863894421484562
134 0.24014801587324763 -3.7914867293161003
136 0.23497690246808836 -3.7208264541839045
138 0.22999934441122583 -3.651833732613548
140 0.22520609461521504 -3.5844330140713794
142 0.22058850358993648 -3.51855275500329
144 0.21613847492509902 -3.4541251376991218
146 0.21184842476041837 -3.391085811617016
148 0.20771124484520478 -3.329373655045673
150 0.20372026883429648 -3.26893055521362
152 0.19986924150644028 -3.209701205145322
154 0.19615229062642267 -3.1516329157352407
156 0.19256390120284092 -3.094675441668181
158 0.18909889191941873 -3.0387808199513575
160 0.18575239354268566 -2.983903219935876
162 0.18251982912919543 -2.929998803824594
164 0.1793968958742836 -2.877025596746243
166 0.17637954846073453 -2.8249433655707836
168 0.17346398378098857 -2.7737135057119615
170 0.17064662691879876 -2.7232989352315804
172 0.16792411828888545 -2.6736639956184365
174 0.16529330184334498 -2.6247743586765764
176 0.16275121426234015 -2.576596938993173
178 0.16029507505655377 -2.5290998115129715
180 0.157922277515132 -2.4822521337754115
182 0.15563038044074476 -2.4360240724105235
184 0.15341710061954175 -2.3903867335197155
186 0.15128030597897918 -2.345312096588692
188 0.14921800939305246 -2.3007729516207265
190 0.14722836309778 -2.2567428391777398
192 0.14530965368604812 -2.213195993059945
194 0.14346029765351195 -2.1701072853504977
196 0.14167883747251492 -2.1274521735842016
198 0.13996393817411756 -2.0852066497989927
200 0.13831438442203317 -2.043347191252868
202 0.13672907806575213 -2.001850712585804
204 0.13520703616398402 -1.9606945192221397
206 0.13374738947174392 -1.9198562618209818
208 0.1323493813890599 -1.8793138915679146
210 0.13101236737190095 -1.8390456161243893
212 0.12973581480907462 -1.7990298560526379
214 0.12851930337339618 -1.759245201514309
216 0.12736252585750515 -1.719670369063933
218 0.12626528951011248 -1.6802841583495678
220 0.12522751789157088 -1.6410654085200862
222 0.12424925327207048 -1.6019929541433617
224 0.1233306596008045 -1.5630455804323835
226 0.12247202607922246 -1.5242019775669335
228 0.12167377137731572 -1.485440693880439
230 0.12093644853760041 -1.446740087685236
232 0.1202607506187513 -1.4080782774829763
234 0.11964751713794983 -1.3694330902895215
236 0.11909774137983192 -1.330782007799308
238 0.11861257864895897 -1.292102110068723
240 0.1181933555535178 -1.2533700163983228
242 0.11784158042032752 -1.2145618230406712
244 0.11755895495410393 -1.175653037346522
246 0.11734738726990576 -1.1366185079157394
248 0.11720900644537506 -1.0974323502744923
250 0.11714617875865514 -1.0580678675590014
252 0.11716152580185467 -1.0184974656278802
254 0.11725794468555403 -0.9786925619541299
256 0.11743863058051379 -0.9386234876005478
258 0.1177071018771721 -0.8982593814620456
260 0.11806722828493976 -0.8575680759104699
262 0.11852326223842452 -0.8165159728348154
264 0.11907987403329068 -0.7750679089711318
266 0.11974219117724735 -0.7331870092667675
268 0.12051584251417391 -0.6908345268714398
270 0.12140700776739477 -0.647969668160136
272 0.1224224732467528 -0.6045494009857304
274 0.12356969458411073 -0.560528244117354
276 0.12485686750112497 -0.5158580355415467
278 0.126293007777363 -0.470487676970566
280 0.12788804178325094 -0.4243628515451013
282 0.1296529091736039 -0.3774257112581437
284 0.1315996796145632 -0.32961453013686726
286 0.1337416857469483 -0.28086331860899505
288 0.13609367498650435 -0.23110139379528197
290 0.13867198323711385 -0.18025289962990412
292 0.14149473417055433 -0.12823626976408004
294 0.14458206842241347 -0.07496362505472669
296 0.14795640790390122 -0.020340096081381313
298 0.1516427614635377 0.03573694046208519
300 0.1556690794018409 0.09337872458759434
302 0.16006666590437685 0.1527060904207852
304 0.1648706603866713 0.21385057632789917
306 0.1701206011409241 0.2769556892224069
308 0.17586108765893263 0.34217834851577383
310 0.18214256174999682 0.4096905400489937
312 0.18902223228474224 0.4796812162877721
314 0.19656517436085402 0.5523584862802113
316 0.20484564128684868 0.627952147828478
318 0.21394863750147572 0.7067166252399739
320 0.22397181308081837 0.7889343896696763
322 0.23502775672400475 0.8749199558935924
324 0.24724678530993027 0.9650245704906242
326 0.2607803559723989 1.0596417328206316
328 0.2758052635302588 1.1592137235656905
330 0.2925288353060595 1.2642393577098079
332 0.3111954015728185 1.3752832325424682
334 0.33209440966218884 1.4929868096478616
336 0.3555706727319745 1.618081757613637
338 0.3820374141573917 1.7514060949778707
340 0.411993005876364 1.8939238184355256
342 0.4460426340690258 2.046748889158903
344 0.4849266039254265 2.211174692575567
346 0.5295576865707831 2.3887103990753324
348 0.5810709230601159 2.5811260514224696
350 0.6408908016591333 2.7905087054484077
352 0.710822984118151 3.019332560909767
354 0.7931812091838797 3.270546720433651
356 0.8909653610973284 3.54768491676293
358 1.008115149204763 3.8550019970917604
360 1.149877421266657 4.197641504514233
362 1.3233472970115445 4.581835816767671
364 1.5382800818029634 5.015131400671835
366 1.8083327897001424 5.506608427998501
368 2.15299911934944 6.06700650376986
370 2.6006795427206666 6.708529301633209
372 3.193620908762691 7.443765563482675
374 3.9958975283816454 8.282349544809767
376 5.106056148372419 9.221998759222064
378 6.675536558689088 10.225805827893922
380 8.927979007159474 11.167135737096666
382 12.145962026187583 11.706768310018235
384 16.49580480677756 11.08132500113917
386 21.40994895843817 8.03672904991272
388 24.74881439668976 1.8667678266652743
390 24.083642213845412 -5.474972288257495
392 20.06059288128012 -10.676250219117724
394 15.3440160886766 -12.865984517884955
396 11.45885017982872 -13.127180483576588
398 8.627266276614039 -12.53424016674179
400 6.628296562578081 -11.664041288248704
402 5.210934097274765 -10.764017430754663
404 4.187910224944075 -9.925875174417241
406 3.433282710748239 -9.175965042390636
408 2.8643525235005067 -8.51509534890773
410 2.4265659881663972 -7.9351099068969795
412 2.083372272605706 -7.425572453171069
414 1.8098022828273854 -6.976329068066244
416 1.588450386644504 -6.578371087802567
418 1.4069423336784146 -6.224012941260851
420 1.256316180683012 -5.9068105204397385
422 1.1299685786599907 -5.6213973764534835
424 1.0229562055638606 -5.363310347446387
426 0.9315241046838145 -5.1288311596013445
428 0.8527815872128026 -4.914851591236203
430 0.7844758030968361 -4.718762172281134
432 0.7248310630777297 -4.5383616727195655
434 0.6724331468900585 -4.371783983300398
436 0.6261448642094032 -4.217439160963247
438 0.5850436415503354 -4.073965855666149
440 0.5483748428667765 -3.940192825533412
442 0.5155164718503883 -3.815107694795454
444 0.48595220561901675 -3.697831487190071
446 0.4592505948946717 -3.5875977748041454
448 0.4350488759846287 -3.483735527114812
450 0.41304026563158774 -3.38565493774907
452 0.3929639103729643 -3.2928356575734323
454 0.3745968765815066 -3.2048169808868545
456 0.3577477220966062 -3.1211896239457286
458 0.3422513030612635 -3.0415888075038935
460 0.32796455245165296 -2.965688412023626
462 0.3147630282500543 -2.8931960191134474
464 0.3025380751867564 -2.8238486882812395
466 0.29119447864437176 -2.7574093463561344
468 0.28064851564505444 -2.693663689433274
470 0.27082632799259493 -2.6324175152700646
472 0.261662558159866 -2.5734944185655957
474 0.2530992005470899 -2.5167337932922598
476 0.2450846301243632 -2.4619890957529216
478 0.23757277784283126 -2.4091263297942445
480 0.23052242801197545 -2.3580227219289127
482 0.22389661745687797 -2.308565559320934
484 0.21766211995049292 -2.260651167872941
486 0.2117890023653876 -2.2141840111850613
488 0.20625024136732917 -2.1690758941006942
490 0.20102139139464334 -2.1252452569936198
492 0.19608029622951642 -2.082616548991795
494 0.19140683774376102 -2.0411196700527707
496 0.18698271644405562 -2.00068947323285
498 0.18279125930222517 -1.9612653197149688
500 0.17881725106463872 -1.922790680180008
502 0.17504678582287714 -1.8852127769796878
504 0.17146713611597536 -1.8484822623087591
506 0.16806663724218474 -1.8125529282024602
508 0.16483458479967683 -1.777381444730344
510 0.16176114376112724 -1.742927123213312
512 0.15883726762921407 -1.7091517016944653
514 0.15605462642302392 -1.676019150232881
516 0.15340554241779017 -1.6434954938852666
518 0.15088293270739112 -1.6115486514975748
520 0.148480257783222 -1.5801482886502325
522 0.14619147542973185 -1.5492656832924943
524 0.14401099932787467 -1.5188736027658345
526 0.14193366183634282 -1.4889461910739057
528 0.1399546804870813 -1.4594588653682112
530 0.13806962778995951 -1.430388220744834
532 0.13627440399147045 -1.4017119425375262
534 0.1345652124756788 -1.3734087253823826
536 0.1329385375331271 -1.3454581984024436
538 0.13139112425657176 -1.3178408559320518
540 0.12991996035048195 -1.2905379932543397
542 0.12852225966640482 -1.2635316468792879
544 0.1271954472983735 -1.2368045389410345
546 0.12593714609114684 -1.2103400253245238
548 0.12474516443146252 -1.1841220471753187
550 0.12361748520711394 -1.1581350854764454
552 0.1225522558317605 -1.1323641184029651
554 0.12154777924522676 -1.1067945811915183
556 0.12060250580918541 -1.0814123282873247
558 0.11971502602760377 -1.0562035975440125
560 0.11888406402924455 -1.0311549762782968
562 0.11810847175734933 -1.0062533689894917
564 0.11738722381807697 -0.9814859665730616
566 0.11671941294518637 -0.9568402168657092
568 0.11610424604436671 -0.93230379637436
570 0.11554104078538814 -0.9078645830472634
572 0.11502922271482376 -0.8835106299551853
574 0.11456832286676034 -0.8592301397596779
576 0.11415797585247552 -0.8350114398455732
578 0.11379791841434991 -0.8108429580104318
580 0.11348798843254188 -0.7867131985936548
582 0.11322812437653347 -0.7626107189469971
584 0.11301836519720918 -0.7385241061369444
586 0.11285885065820515 -0.7144419537821702
588 0.11274982210872264 -0.6903528389209679
590 0.112691623703336 -0.6662452988136435
592 0.11268470407767459 -0.6421078075738235
594 0.11272961849223143 -0.6179287525313161
596 0.11282703146044654 -0.5936964102204682
598 0.1129777198806935 -0.569398921887676
600 0.11318257669609813 -0.5450242684092133
602 0.11344261511013902 -0.5205602445048241
604 0.1137589733909338 -0.4959944321253256
606 0.1141329203018075 -0.4713141728927163
608 0.11456586120145457 -0.4465065394557146
610 0.11505934486280547 -0.4215583056215801
612 0.11561507106654827 -0.3964559151135138
614 0.11623489903229733 -0.37118544879030907
616 0.11692085675875945 -0.34573259015543467
618 0.11767515135314287 -0.3200825889685379
620 0.11850018044022524 -0.29422022275284915
622 0.11939854475298217 -0.26812975597947625
624 0.12037306201914338 -0.24179489668778334
626 0.12142678227272029 -0.21519875027674495
628 0.12256300473582686 -0.1883237701779195
630 0.12378529643408243 -0.1611517050977878
632 0.12509751273055836 -0.1336635424745967
634 0.12650381998623783 -0.10583944777100536
636 0.12800872058260762 -0.07765869917454753
638 0.1296170805725704 -0.04909961723880375
640 0.13133416026158676 -0.020139488943478164
642 0.13316564806136066 0.009245514404367557
644 0.13511769800509102 0.0390804260705637
646 0.13719697136706274 0.06939158031193679
648 0.13941068289121064 0.10020671711233088
650 0.1417666522052691 0.13155509613148195
652 0.1442733610795687 0.1634676208655418
654 0.1469400172867322 0.1959769741476681
656 0.1497766259298722 0.2291177662447666
658 0.15279406923869815 0.2629266969790699
660 0.15600419598532886 0.2974427334713866
662 0.1594199218514361 0.33270730532098125
664 0.1630553422890951 0.3687645192680895
666 0.16692585966627105 0.40566139566458004
668 0.171048326781361 0.44344812939016315
670 0.17544120917874262 0.48217837821455617
672 0.18012476911091838 0.5219095820332863
674 0.18512127448382185 0.5627033168784417
676 0.19045523671109726 0.6046256881839781
678 0.19615368210734363 0.647747768432006
680 0.2022464622979758 0.6921460850734222
682 0.20876661014630585 0.737903165506464
684 0.21575074893636234 0.7851081469377784
686 0.2232395640548352 0.8338574601733447
688 0.23127834824942886 0.8842555978124852
690 0.23991763378751824 0.9364159790044727
692 0.24921392759869876 0.9904619249061525
694 0.25923056889099827 1.0465277613140804
696 0.2700387329520035 1.1047600677024663
698 0.28171861010068283 1.1653190951601053
700 0.29436079532589743 1.2283803795720765
702 0.30806793240496416 1.2941365809660335
704 0.3229566667187206 1.3627995853395531
706 0.33915997421051486 1.434602911676548
708 0.3568299508197583 1.5098044744141799
710 0.37614116837714956 1.5886897604750374
712 0.397294730902101 1.671575490386581
714 0.4205232015238047 1.7588138450465318
716 0.4460966176413531 1.850797353521952
718 0.4743298742435077 1.9479645528196627
720 0.5055918377544463 2.0508065475115234
722 0.5403166626361148 2.1598746146841736
724 0.5790179303938011 2.2757890161526864
726 0.622306429882378 2.3992491920332077
728 0.6709126691113881 2.5310455116469464
730 0.7257155808977194 2.672072738724945
732 0.7877793990142828 2.8233453093490595
734 0.8584013973853156 2.9860143903861345
736 0.9391741882896613 3.1613864264788454
738 1.0320676905845523 3.35094239551866
740 1.1395378844270359 3.5563561015192353
742 1.2646723194006704 3.7795082318286153
744 1.4113863923474494 4.022490044683396
746 1.584690127915402 4.287585450771086
748 1.7910531330724433 4.577211134154882
750 2.0389060272878288 4.893777999718924
752 2.3393297901602987 5.2394077674989905
754 2.7069976437109093 5.615385334725413
756 3.161438141254839 6.021131751362357
758 3.72865597999245 6.452312587296288
760 4.443006073490938 6.897405385554179
762 5.3487852769100295 7.331594690860012
764 6.499869962735862 7.706311638581867
766 7.953084376576928 7.932670113209741
768 9.745912445933797 7.8597313106260085
770 11.843361240131207 7.25993114686793
772 14.046426811920877 5.861834102846223
774 15.913103693116625 3.4964572088855004
776 16.852445473538268 0.3453624082631791
778 16.49220910881105 -2.969956194292666
780 14.998342945489266 -5.725217299537552
782 12.92069118258653 -7.5476357668971685
784 10.783820640184821 -8.487848251071123
786 8.880137054739125 -8.793756274317817
788 7.301590678516455 -8.71393581290382
790 6.035484558454147 -8.427355324244681
792 5.032307133324757 -8.04480275653076
794 4.238109660065128 -7.629309933432875
796 3.606101231036725 -7.214607782458656
798 3.0990512524427705 -6.817565920017094
800 2.6883996157835015 -6.445700254347043
802 2.352545161373093 -6.101484742376445
804 2.0751963799421045 -5.784768558169584
806 1.844027590057523 -5.494112144375901
808 1.6496542706751647 -5.227516279117159
810 1.4848739850876629 -4.982812613429716
812 1.3441104746390324 -4.757866071932932
814 1.2230075347711102 -4.550673189871292
816 1.118131561341787 -4.359403445655371
818 1.0267525212021704 -4.182409971834238
820 0.946681551459113 -4.018224430210892
822 0.8761496104693047 -3.8655442994201
824 0.8137160639960161 -3.723217122830316
826 0.7581992533011203 -3.590224165632093
828 0.7086233276449871 -3.4656647411185366
830 0.664177205381849 -3.3487417973629108
832 0.6241826510784302 -3.238748984968451
834 0.5880692580073613 -3.135059227096378
836 0.5553547015348813 -3.0371147113184183
838 0.5256290457585817 -2.944418176561964
840 0.498542189474535 -2.856525352868451
842 0.4737937604786174 -2.7730384126248064
844 0.451124932029409 -2.6936003011744907
846 0.4303117580238242 -2.6178898275429483
848 0.41115971547356583 -2.545617409896345
850 0.39349921236076707 -2.476521383877383
852 0.37718187176578627 -2.410364794449867
854 0.3620774435677884 -2.3469326030806763
856 0.3480712261151083 -2.2860292518902265
858 0.33506190435219135 -2.227476534929139
860 0.3229597296424926 -2.1711117340268333
862 0.3116849812238244 -2.116785982918813
864 0.30116666079855997 -2.064362828663598
866 0.29134138092032763 -2.013716963881882
868 0.28215241512209677 -1.9647331071757137
870 0.27354888355434653 -1.9173050123427198
872 0.2654850525765058 -1.8713345897504765
874 0.25791973051687955 -1.8267311255819898
876 0.25081574487031294 -1.7834105866476346
878 0.24413948868927773 -1.7412950001576397
880 0.23786052595187032 -1.7003118992845365
882 0.23195124735543102 -1.6603938265809743
884 0.22638656935278223 -1.6214778883681031
886 0.2211436703791586 -1.5835053541094117
888 0.21620175915508222 -1.5464212955599634
890 0.21154187072949804 -1.5101742611429154
892 0.20714668657786997 -1.4747159815776534
894 0.20300037561384518 -1.4400011032767204
896 0.1990884534299962 -1.4059869464537251
898 0.1953976574677877 -1.3726332852538647
900 0.19191583614191737 -1.3399021475381816
902 0.1886318502188953 -1.3077576322284605
904 0.18553548498420597 -1.2761657423642983
906 0.18261737193050173 -1.2450942322302516
908 0.1798689188700512 -1.2145124670967256
910 0.17728224752007246 -1.1843912942793973
912 0.17485013773437025 -1.1547029243591365
914 0.1725659776628211 -1.125420821529624
916 0.1704237192131035 -1.0965196021477273
918 0.16841783826979223 -1.0679749406538874
920 0.16654329919594693 -1.0397634821159094
922 0.16479552320356403 -1.0118627607195423
924 0.1631703602327675 -0.9842511235952962
926 0.16166406402682332 -0.9569076594270874
928 0.1602732701312578 -0.9298121313356816
930 0.1589949765829396 -0.9029449135763825
932 0.15782652708735723 -0.8762869316262392
934 0.15676559651234653 -0.8498196052687529
936 0.15581017855343024 -0.8235247943144134
938 0.15495857545040168 -0.7973847466194025
940 0.15420938965769374 -0.7713820480856367
942 0.15356151739232624 -0.7454995743437088
944 0.1530141440033441 -0.719720443835289
946 0.15256674112612814 -0.6940279720235811
948 0.15221906560377338 -0.6684056264703687
950 0.15197116017657425 -0.6428369825240169
952 0.1518233559593735 -0.6173056793693465
954 0.15177627674595795 -0.5917953761907951
956 0.15183084519963588 -0.5662897082015065
958 0.1519882910103436 -0.5407722422879836
960 0.15225016112106335 -0.5152264320156313
962 0.15261833215098336 -0.4896355717331356
964 0.153095025169348 -0.4639827495047686
966 0.15368282300350672 -0.43825079858664084
968 0.15438469029757773 -0.4124222471491006
970 0.15520399657498044 -0.3864792659281938
972 0.15614454259967783 -0.3604036134697894
974 0.15721059037836863 -0.33417657860444144
976 0.15840689719968454 -0.3077789197624929
978 0.15973875416843542 -0.2811908007081105
980 0.16121202976414434 -0.2543917222325769
982 0.16283321903523112 -0.2273604493069819
984 0.16460949913569028 -0.20007493314545727
986 0.16654879202166756 -0.17251222757975987
988 0.1686598352548277 -0.14464839908396385
990 0.17095226201009284 -0.11645842972253993
992 0.17343669156276367 -0.08791611222141052
994 0.17612483173778865 -0.05899393627787141
996 0.1790295950498516 -0.02966296513406054
998 0.18216523055259498 0.00010729866258573265
1000 0.18554747375918226 0.03034905949933432
1002 0.18919371740479732 0.06109638824672123
1004 0.19312320630840865 0.09238539655495852
1006 0.19735726017234873 0.12425442747796889
1008 0.201919528854845 0.15674426414892553
1010 0.20683628548769228 0.18989835838699695
1012 0.212136763818992 0.22376308126142402
1014 0.21785354737930354 0.25838799778344207
1016 0.2240230195453912 0.29382616802105244
1018 0.2306858853697492 0.3301344770177693
1020 0.23788777822967894 0.3673739959228093
1022 0.2456799670228838 0.4056103766763803
1024 0.25412018291146865 0.44491428237337766
1026 0.2632735886446809 0.4853618550037031
1028 0.27321391845531334 0.5270352215093665
1030 0.2840248226626179 0.5700230378803816
1032 0.2958014587210918 0.6144210691140858
1034 0.30865237990170846 0.6603327999859614
1036 0.32270178455150395 0.7078700673066939
1038 0.33809220353538905 0.7571536980549742
1040 0.3549877217539343 0.8083141285993378
1042 0.37357785246116576 0.8614919669203491
1044 0.39408221157241513 0.9168384404794495
1046 0.41675617457181724 0.9745156445749292
1048 0.4418977424922724 1.0346964658663174
1050 0.4698558973621515 1.0975639977802416
1052 0.5010407929729543 1.1633101807132529
1054 0.5359362047572396 1.232133278747018
1056 0.5751147523739127 1.3042336290314833
1058 0.6192565064286786 1.3798068455772583
1060 0.669171686119824 1.459033290444943
1062 0.7258282243742655 1.5420620916078165
1064 0.7903849744949861 1.628987216945253
1066 0.8642311678850669 1.7198120110420994
1068 0.9490322399276507 1.814397040897023
1070 1.0467810208755708 1.9123839340464266
1072 1.1598510139756264 2.01308500252689
1074 1.2910441568664435 2.1153248297709712
1076 1.443617621716296 2.217216045317078
1078 1.621260631681993 2.315848578955347
1080 1.8279699987824618 2.4068732444266896
1082 2.067739318774131 2.483974196923103
1084 2.343932143227591 2.5382654129015356
1086 2.658166755821442 2.5577379690722974
1088 3.008541856362858 2.5270557668698905
1090 3.387174385395334 2.428250153533862
1092 3.7774520156908316 2.243096811467214
1094 4.15221306333419 1.9578467808644422
1096 4.4749541452686685 1.569992470832093
1098 4.706070526668613 1.0946721886023874
1100 4.813741089698013 0.5663857560133432
1102 4.7849459913906 0.03265625364648195
1104 4.630103852948327 -0.45875819278641483
1106 4.378345604174461 -0.8724536142315207
1108 4.066824273835664 -1.1914395310756367
1110 3.730397182477261 -1.415542303513221
1112 3.3957221589259676 -1.5555284037411714
1114 3.0799622771245816 -1.6269200459284714
1116 2.792246833533728 -1.6456161691143616
1118 2.5360236393946307 -1.6255943974920501
1120 2.311227347317688 -1.5781195421287284
1122 2.1158887360872245 -1.5117858888017504
1124 1.9471853779083295 -1.4329123808051039
1126 1.802064855776746 -1.3460216466691002
1128 1.6775816715124923 -1.2542802687575856
1130 1.5710580937596137 -1.1598590356962735
1132 1.4801438298297023 -1.0642101725708313
1134 1.4028214272051056 -0.9682732120312507
1136 1.3373851783197228 -0.8726246007082005
1138 1.2824092130034248 -0.7775849645901922
1140 1.2367132033131114 -0.6832953623671364
1142 1.199329911564295 -0.5897711891990416
1144 1.1694764755388867 -0.49694013183427793
1146 1.1465300771421882 -0.4046688151846174
1148 1.1300080156041334 -0.31278147143180995
1150 1.1195519284726898 -0.22107301656656939
1152 1.1149158144928222 -0.1293182489001421
1154 1.115957522459025 -0.03727841798838166
1156 1.1226334299911784 0.0552939034270129
1158 1.1349961196077338 0.14865091573454758
1160 1.1531949530861654 0.2430460457442424
1162 1.1774795424462174 0.3387301919123926
1164 1.2082062137297211 0.43594717796381505
1166 1.2458476555575408 0.534927746944572
1168 1.291006034094803 0.635881268260803
1170 1.3444299312073602 0.7389840781113547
1172 1.4070355067091531 0.8443630011077004
1174 1.4799322676916302 0.9520720678541955
1176 1.5644536921360725 1.0620596957257453
1178 1.662192602518212 1.1741225691678692
1180 1.7750404503830435 1.2878410624262027
1182 1.9052282737939488 1.4024892187157552
1184 2.0553645652509918 1.516910012969395
1186 2.2284609052275393 1.6293440102877315
1188 2.4279288625371347 1.737197087873361
1190 2.657519771447757 1.8367319108014706
1192 2.921160675298055 1.9226712197231661
1194 3.222613498566893 1.9877144469306665
1196 3.5648515492474395 2.0220030416083583
1198 3.9490169157756423 2.012640155641341
1200 4.372821580654691 1.9434956815461173
1202 4.828343919893731 1.7957136431679657
1204 5.29944807167592 1.5495361224043263
1206 5.759606509838891 1.188089980680784
1208 6.171656852464661 0.7033044311743208
1210 6.49145326336769 0.10280326236880163
1212 6.676479048175089 -0.5852758636773451
1214 6.697652385811086 -1.3134999628363986
1216 6.549189539857929 -2.0242618290287218
1218 6.250906165957513 -2.6638050604239996
1220 5.841459449213612 -3.1944920667725647
1222 5.366553137601368 -3.5999500372684796
1224 4.868128324160009 -3.882643843033339
1226 4.378206770743139 -4.0572971889441725
1228 3.917522422118411 -4.144032312902549
1230 3.497130341314173 -4.163381080366986
1232 3.1210826692750486 -4.133543158715779
1234 2.7889859254420335 -4.069356955539993
1236 2.497968214573328 -3.982278005250222
1238 2.2440085604585067 -3.880820940337275
1240 2.0227519615172374 -3.7711381841186826
1242 1.829964887106489 -3.6575735914399283
1244 1.6617611123890055 -3.5431285266377586
1246 1.5146907607670375 -3.4298285321723094
1248 1.3857531946644015 -3.3190004849032735
1250 1.2723709837520536 -3.211476933941847
1252 1.1723466885615315 -3.1077443512124825
1254 1.0838145281176983 -3.0080495491504196
1256 1.0051932154653789 -2.912475506667749
1258 0.9351429085358313 -2.820995096906778
1260 0.8725273722501132 -2.7335089737071967
1262 0.8163814703537217 -2.649872155723182
1264 0.7658836288156642 -2.569912570394645
1266 0.7203327142479506 -2.493443889677152
1268 0.6791287210292547 -2.4202743195633034
1270 0.6417566855679597 -2.3502125263980527
1272 0.6077733041499747 -2.2830715417129848
1274 0.5767957998166584 -2.218671244565581
1276 0.5484926522950563 -2.1568398477473982
1278 0.5225758678203228 -2.0974146914064944
1280 0.4987945207012016 -2.040242560130757
1282 0.4769293453706928 -1.98517967711801
1284 0.4567881969621815 -1.9320914844750678
1286 0.43820223101479383 -1.8808522867862087
1288 0.4210226797142118 -1.831344812263282
1290 0.4051181240294888 -1.7834597294262706
1292 0.39037217905130883 -1.7370951455523662
1294 0.3766815244813795 -1.6921561047481384
1296 0.3639542241744825 -1.648554097516796
1298 0.3521082883921028 -1.6062065894337698
1300 0.3410704404017746 -1.5650365735328657
1302 0.330775055583286 -1.5249721488881882
1304 0.3211632465557558 -1.4859461264089606
1306 0.31218207223569155 -1.4478956618598213
1308 0.3037838523577263 -1.4107619154512583
1310 0.29592557197589586 -1.374489736910966
1312 0.2885683629357522 -1.3390273746893149
1314 0.28167705135573395 -1.3043262078070583
1316 0.27521976185993635 -1.2703404987984643
1318 0.2691675707232694 -1.2370271661988776
1320 0.26349420127589107 -1.2043455750652756
1322 0.25817575590656705 -1.172257344079019
1324 0.25319047983764054 -1.1407261678553817
1326 0.24851855254646377 -1.1097176531708652
1328 0.24414190329961288 -1.0791991679062796
1330 0.24004404776628502 -1.0491397015888626
1332 0.23620994310232923 -1.0195097365053152
1334 0.23262585925639045 -0.9902811284372417
1336 0.2292792645568825 -0.9614269961458392
1338 0.22615872390088165 -0.9329216188080062
1340 0.2232538080905063 -0.9047403406672797
1342 0.22055501305483427 -0.8768594822301374
1344 0.21805368786136126 -0.8492562573876997
1346 0.2157419705636074 -0.8219086958988975
1348 0.2136127310552939 -0.7947955707149026
1350 0.21165952020845813 -0.7678963296655004
1352 0.20987652466624987 -0.7411910310695787
1354 0.2082585267420885 -0.7146602828600921
1356 0.20680086894841032 -0.6882851848495587
1358 0.20549942274044222 -0.6620472737850938
1360 0.20435056111574082 -0.6359284708682114
1362 0.20335113475908184 -0.6099110314340895
1364 0.20249845146600748 -0.5839774965044139
1366 0.20179025861715727 -0.5581106459430407
1368 0.2012247285112528 -0.5322934529582594
1370 0.20080044639632597 -0.5065090397056634
1372 0.20051640106872098 -0.4807406337557174
1374 0.20037197793652603 -0.4549715251978879
1376 0.2003669544701505 -0.42918502415745285
1378 0.200501497987102 -0.403364418506677
1380 0.2007761657417055 -0.37749293155214075
1382 0.20119190731371492 -0.3515536794805713
1384 0.20175006931264072 -0.3255296283462181
1386 0.20245240243786633 -0.2994035503748237
1388 0.2033010709582327 -0.27315797935866765
1390 0.20429866469935143 -0.24677516490757315
1392 0.20544821365283375 -0.22023702531160383
1394 0.20675320534903888 -0.19352509876137816
1396 0.2082176051645779 -0.16662049265724907
1398 0.2098458797679665 -0.1395038307245673
1400 0.21164302394223608 -0.11215519763180189
1402 0.2136145910623447 -0.08455408078955791
1404 0.21576672754844484 -0.05667930898348497
1406 0.2181062116650176 -0.02850898746803593
1408 0.22064049709048303 -2.0429115912616372e-05
1410 0.22337776174367968 0.02880991881474579
1412 0.22632696242410394 0.05800655277316339
1414 0.22949789590235112 0.0875949963884588
1416 0.23290126718936283 0.11760188989241269
1418 0.23654876581720263 0.1480550861151181
1420 0.24045315108497256 0.17898375373598002
1422 0.24462834736271075 0.21041848854384643
1424 0.24908955070616534 0.2423914335298734
1426 0.2538533482220034 0.2749364087239887
1428 0.2589378518386904 0.308089051775247
1430 0.2643628483906528 0.34188697038160204
1432 0.27014996821633325 0.37636990778484936
1434 0.2763228748151401 0.41157992267277577
1436 0.28290747851080816 0.4475615849663286
1438 0.2899321775430171 0.4843621891196299
1440 0.297428130567175 0.5220319867231024
1442 0.30542956520207143 0.5606244403746138
1444 0.3139741280463304 0.6001965009715104
1446 0.32310328251288994 0.640808910776594
1448 0.332862761933993 0.6825265348117778
1450 0.3433030867091731 0.7254187233490034
1452 0.354480155844734 0.769559708464363
1454 0.3664559251284564 0.8150290378162859
1456 0.37929918646020216 0.8619120489586248
1458 0.39308646561012167 0.9103003876023675
1460 0.40790305900331775 0.9602925732485228
1462 0.42384423416625294 1.0119946154779542
1464 0.4410166233866467 1.0655206838529991
1466 0.45953984613267507 1.1209938337327654
1468 0.479548403117279 1.1785467892184094
1470 0.5011938938963374 1.2383227827200889
1472 0.5246476209661466 1.3004764480006519
1474 0.5501036569861494 1.365174759634825
1476 0.5777824686356038 1.432598006068991
1478 0.6079352115200939 1.5029407751285178
1480 0.6408488364770922 1.5764129188206084
1482 0.6768521798260081 1.6532404470841802
1484 0.7163232500964648 1.733666275583597
1486 0.7596979733964122 1.8179507176169643
1488 0.807480721046515 1.9063715602783613
1490 0.8602570189271364 1.999223493795865
1492 0.918708930865052 2.0968165612710385
1494 0.9836337209243163 2.1994731506248577
1496 1.0559665334204504 2.307522842227447
1498 1.1368079844097967 2.4212941267262313
1500 1.2274577290539619 2.5411015779504638
1502 1.3294552405772657 2.667226447764219
1504 1.444629174841925 2.7998877609849244
1506 1.5751567315364752 2.9391997128732026
1508 1.7236342272779357 3.085109349281694
1510 1.8931594239349812 3.2373059289791346
1512 2.0874245668266798 3.395089770409465
1514 2.3108158043649394 3.557183504354119
1516 2.5685083447326007 3.721462340669287
1518 2.866535129214065 3.8845725035505545
1520 3.2117864454515797 4.041399869731257
1522 3.611863674787146 4.184348270327945
1524 4.074656145747349 4.302398819453135
1526 4.6074319411712805 4.379968615755651
1528 5.2151398750419355 4.3957066651846555
1530 5.897555430337273 4.321612384215769
1532 6.64499264994755 4.123287010950506
1534 7.432794780744469 3.762680446715481
1536 8.216024134532596 3.20501724604018
1538 8.927691655983194 2.430786982932651
1540 9.485326919549905 1.4506582385576061
1542 9.808906674435685 0.316298693101235
1544 9.846069379728092 -0.8825171780510179
1546 9.592010302017583 -2.038576365862576
1548 9.091220971477888 -3.057183836382238
1550 8.419932887964553 -3.8791915981539904
1552 7.6609320421812415 -4.486795963530922
1554 6.88407760616372 -4.894473125648618
1556 6.137988055549774 -5.134350860359678
1558 5.450681368243192 -5.24365321550528
1560 4.834435445427884 -5.257029989237818
1562 4.291273466792862 -5.203225986602392
1564 3.8174039927393064 -5.1044730147735615
1566 3.4062576208602526 -4.977191761812772
1568 3.0503389711395177 -4.833124504881152
1570 2.742248137332658 -4.680461417935729
1572 2.4751795324497325 -4.524791308704988
1574 2.2431168132499195 -4.369841953477995
1576 2.04086356768485 -4.218030967682969
1578 1.863993035984829 -4.070864678698329
1580 1.7087638559293756 -3.9292221089739385
1582 1.5720269231000115 -3.793555008867576
1584 1.4511358249250776 -3.66402776289452
1586 1.3438663038271252 -3.5406147432569375
1588 1.2483464865533742 -3.4231677583902234
1590 1.1629977571679417 -3.311462568839914
1592 1.086485312190642 -3.2052307833751112
1594 1.0176771383680396 -3.104181557801501
1596 0.9556101281629973 -3.008016188667738
1598 0.8994621485113459 -2.916437763003749
1600 0.8485290268979068 -2.8291573751718433
1602 0.8022055757928946 -2.7458979682222577
1604 0.7599699233818475 -2.6663965402799907
1606 0.7213705478348253 -2.5904052348384803
1608 0.6860155223106986 -2.5176916784974877
1610 0.6535635694329393 -2.448038820603185
1612 0.6237165991707665 -2.3812444524956944
1614 0.5962134653363947 -2.3171205299934625
1616 0.5708247255776887 -2.2554923845870554
1618 0.5473482299006464 -2.1961978818857637
1620 0.5256053951757258 -2.139086566865519
1622 0.5054380492542153 -2.084018822078737
1624 0.486705749464203 -2.0308650555881766
1626 0.46928349736019764 -1.9795049288171052
1628 0.4530597854580286 -1.929826629942392
1630 0.437934922942741 -1.8817261953321063
1632 0.4238195964951855 -1.8351068794080727
1634 0.41063362985725393 -1.7898785719188752
1636 0.39830491186891026 -1.7459572607181197
1638 0.3867684677240641 -1.7032645376064781
1640 0.37596565231759743 -1.661727144513122
1642 0.36584344795645957 -1.62127655717218
1644 0.35635385152103394 -1.5818486034499908
1646 0.34745333849616583 -1.543383113552334
1648 0.3391023932311087 -1.505823599463174
1650 0.33126509640550394 -1.469116961114181
1652 0.3239087620315703 -1.4332132169520893
1654 0.31700361745603783 -1.398065256735368
1656 0.31052252077943404 -1.3636286145631413
1658 0.3044407109137397 -1.3298612603020055
1660 0.29873558617747886 -1.2967234077261363
1662 0.2933865079037865 -1.2641773378374799
1664 0.28837462602446345 -1.232187235962685
1666 0.2836827240095433 -1.2007190413496363
1668 0.2792950808966228 -1.1697403080997653
1670 0.2751973484485044 -1.1392200763767508
1672 0.2713764417382138 -1.109128752926568
1674 0.2678204416848636 -1.079438000028672
1676 0.2645185082576448 -1.0501206320773326
1678 0.26146080323246795 -1.0211505190597605
1680 0.25863842153148225 -0.9925024962623736
1682 0.2560433303020228 -0.9641522795914782
1684 0.2536683150025611 -0.9360763859464506
1686 0.2515069318600552 -0.9082520581273924
1688 0.2495534661488765 -0.8806571938004417
1690 0.2478028958173393 -0.8532702780788997
1692 0.24625086005539795 -0.8260703193107418
1694 0.24489363245773343 -0.7990367876907777
1696 0.24372809849126043 -0.7721495563393056
1698 0.24275173702611857 -0.7453888445120621
1700 0.24196260573506995 -0.7187351626231859
1702 0.24135933020934125 -0.6921692587792486
1704 0.2409410966791509 -0.6656720665357023
1706 0.2407076482659004 -0.6392246535969921
1708 0.24065928473049328 -0.6128081711914407
1710 0.24079686571919368 -0.5864038038572008
1712 0.24112181754524906 -0.5599927193803133
1714 0.2416361435822138 -0.5335560186292816
1716 0.24234243838360817 -0.5070746850292134
1718 0.24324390568397897 -0.4805295334200399
1720 0.24434438047967597 -0.45390115803697695
1722 0.24564835543376565 -0.42716987935051104
1724 0.24716101189969278 -0.40031568949314117
1726 0.2488882559134699 -0.37331819599468324
1728 0.25083675956494156 -0.3461565635372809
1730 0.253014008226509 -0.31880945342944245
1732 0.2554283541937715 -0.29125496048779037
1734 0.2580890773782199 -0.2634705469987038
1736 0.26100645378916076 -0.23543297341924152
1738 0.2641918326525779 -0.20711822545906114
1740 0.26765772314059716 -0.17850143716947298
1742 0.2714178918297111 -0.14955680964898346
1744 0.27548747217198516 -0.12025752495739486
1746 0.2798830874544589 -0.09057565481696506
1748 0.28462298894303956 -0.06048206366577346
1750 0.28972721116286465 -0.02994630562011177
1752 0.2952177465638673 0.0010634851001400463
1754 0.3011187421656433 0.032580710723793954
1756 0.3074567211779512 0.06464043388091147
1758 0.31426083306291314 0.09727950934480326
1760 0.3215631360551201 0.13053672389714308
1762 0.3293989167996543 0.16445294456264245
1764 0.33780705252570964 0.19907127533569782
1766 0.34683042206310694 0.23443722234097872
1768 0.3565163730586256 0.27059886712098713
1770 0.3669172539875947 0.30760704740148154
1772 0.3780910210193805 0.34551554421873953
1774 0.39010193152825356 0.3843812736657233
1776 0.40302133809342655 0.42426448067195693
1778 0.41692859926633835 0.4652289311091307
1780 0.4319121262725129 0.5073420970209439
1782 0.4480705882431518 0.5506753277882702
1784 0.465514302642944 0.5953039974158731
1786 0.4843668423854858 0.6413076146371374
1788 0.5047668968434056 0.6887698779202859
1790 0.5268704307096955 0.7377786513424034
1792 0.5508531926097444 0.7884258291925106
1794 0.5769136346548639 0.8408070464100911
1796 0.6052763149106212 0.895021177685499
1798 0.6361958671200137 0.9511695490709975
1800 0.6699616359546622 1.0093547606904294
1802 0.7069030913692586 1.0696789855026758
1804 0.7473961517518009 1.1322415642456367
1806 0.7918705613608272 1.1971356569162799
1808 0.8408184809343536 1.264443631492126
1810 0.8948044576618931 1.3342307645386642
1812 0.9544769357581023 1.4065366874914371
1814 1.0205814414472674 1.4813638260359037
1816 1.0939755098019908 1.558661835073369
1818 1.1756452893105733 1.6383067130142592
1820 1.266723522109457 1.7200728707130817
1822 1.3685081898248261 1.803595919309984
1824 1.4824804403234086 1.8883233257424048
1826 1.6103193261167417 1.9734493901298322
1828 1.7539091855259359 2.057830309109791
1830 1.9153329039252 2.1398746003083957
1832 2.096840457472668 2.2174042797945064
1834 2.300776707136321 2.2874836678911366
1836 2.529445179450832 2.3462168796064566
1838 2.7848759169594013 2.388524076269541
1840 3.0684571821136206 2.4079234918062515
1842 3.3803874703776136 2.396374707157204
1844 3.7189153786832563 2.3442809582454287
1846 4.0793762182493865 2.240800865860741
1848 4.453126050383283 2.074664818398695
1850 4.8266286695253 1.8356851132550966
1852 5.181145255321825 1.517021754231576
1854 5.493609950022668 1.1179520132738308
1856 5.739161292113432 0.646418003610532
1858 5.895265933558928 0.12021939539578125
1860 5.9464904656464 -0.43421453702804824
1862 5.88824372007126 -0.9857182993220425
1864 5.72789765757194 -1.5039061146630694
1866 5.482787117455679 -1.9643688797553724
1868 5.176019760790271 -2.3518071549568353
1870 4.831816387424894 -2.660479808615401
1872 4.471863164382816 -2.8925430002262704
1874 4.113315203802016 -3.055417138936378
1876 3.7683073527439754 -3.159191611413374
1878 3.444447667180355 -3.214624122571129
1880 3.1457549524801665 -3.231869154605913
1882 2.8736627904470153 -3.2198263287897158
1884 2.6278925688377908 -3.1859194078698176
1886 2.407128118753723 -3.136130101992094
1888 2.209496509030401 -3.075157823958978
1890 2.032889356482537 -3.0066241887405325
1892 1.8751650443090808 -2.9332773150395566
1894 1.7342675973404984 -2.8571746575241543
1896 1.608290050772708 -2.7798369119384625
1898 1.4955024266748695 -2.702372773950337
1900 1.394358140245262 -2.6255776196079843
1902 1.3034879806743296 -2.550010284421294
1904 1.2216875243568799 -2.476052134438564
1906 1.1479016145667555 -2.4039521617020894
1908 1.0812080803041881 -2.3338612233250013
1910 1.0208019295867679 -2.265857935572116
1912 0.965980665035789 -2.1999681979982477
1914 0.916131010897357 -2.136179877390059
1916 0.8707171286916345 -2.074453824593157
1918 0.8292702792533815 -2.014732117971624
1920 0.7913798267880864 -1.9569442116845919
1922 0.7566854530553866 -1.901011502143619
1924 0.7248704426055318 -1.8468507007864239
1926 0.6956559041670708 -1.7943763064893912
1928 0.6687958033302057 -1.7435023993206344
1930 0.6440726942704379 -1.6941439232679643
1932 0.6212940514935277 -1.6462175847772818
1934 0.6002891153763686 -1.5996424631238688
1936 0.5809061770839848 -1.5543404053523544
1938 0.5630102390241818 -1.5102362609003712
1940 0.5464809963082884 -1.4672579976698288
1942 0.531211092764285 -1.425336731181402
1944 0.5171046120000058 -1.384406690753576
1946 0.5040757699558971 -1.3444051407933977
1948 0.49204778044830766 -1.3052722708348428
1950 0.48095186949794994 -1.26695106455888
1952 0.4707264178821257 -1.2293871554477473
1954 0.4613162144312004 -1.1925286747468493
1956 0.45267180520213735 -1.1563260959052473
1958 0.444748925874429 -1.1207320785200139
1960 0.4375080065889983 -1.085701313935301
1962 0.4309137400443245 -1.05119037398814
1964 0.4249347050185204 -1.0171575638903234
1966 0.4195430386415425 -0.9835627798583177
1968 0.41471415172947895 -0.9503673718232211
1970 0.41042648233952395 -0.9175340113402601
1972 0.4066612834343265 -0.8850265646664667
1974 0.40340244117477414 -0.8528099708636026
1976 0.40063632090986134 -0.8208501247063266
1978 0.3983516384129914 -0.7891137641246547
1980 0.39653935433857557 -0.7575683618778367
1982 0.3951925902517917 -0.7261820211414527
1984 0.3943065649253495 -0.6949233746869908
1986 0.393878549909414 -0.6637614873393646
1988 0.39390784367022946 -0.6326657614172609
1990 0.39439576386576675 -0.6016058448845026
1992 0.3953456575896707 -0.5705515419757988
1994 0.3967629296716502 -0.5394727261033598
1996 0.3986550893798301 -0.5083392549024114
1998 0.4010318161323175 -0.4771208873411877
2000 0.40390504509785574 -0.4457872028963695
2002 0.40728907385238977 -0.4143075228935335
2004 0.41120069156708244 -0.3826508342270502
2006 0.4156593325378373 -0.350785715819063
2008 0.42068725623472236 -0.3186802683508759
2010 0.42630975645757063 -0.28630204801736
2012 0.4325554026391008 -0.25361800532364603
2014 0.4394563168490466 -0.22059443027156003
2016 0.44704849062858193 -0.1871969056968228
2018 0.4553721464359608 -0.15339027102606412
2020 0.4644721492218896 -0.11913859935940553
2022 0.47439847448676986 -0.08440519157605489
2024 0.48520674011639986 -0.049152592147253954
2026 0.4969588103541947 -0.013342632580919733
2028 0.5097234814644429 0.02306349003811801
2030 0.5235772599708844 0.06010509000492691
2032 0.5386052458292895 0.09782181361730444
2034 0.5549021345010804 0.13625338858378075
2036 0.5725733536205077 0.17543928350837387
2038 0.5917363517514186 0.21541825393211336
2040 0.6125220585402212 0.25622774536297116
2042 0.6350765372717334 0.29790311611990516
2044 0.6595628522343605 0.3404766332516889
2046 0.6861631741137865 0.38397618278121803
2048 0.7150811464129431 0.4284236204509531
2050 0.7465445339881451 0.4738326702789806
2052 0.7808081702226504 0.5202062546894269
2054 0.8181572107148815 0.5675331107401373
2056 0.8589106865922856 0.6157835108944141
2058 0.903425326736997 0.6649038626924142
2060 0.9520995811606763 0.7148099085046509
2062 1.005377721634623 0.7653781836333282
2064 1.0637538123446821 0.8164353186675081
2066 1.1277752217075985 0.8677446923586052
2068 1.198045171723815 0.918989859933958
2070 1.2752235741695659 0.9697541101665406
2072 1.3600250597466221 1.019495463795227
2074 1.4532126397208458 1.0675164526250838
2076 1.5555848223509183 1.1129281729539664
2078 1.6679532200717415 1.1546084832967718
2080 1.7911067357943429 1.1911549558238994
2082 1.9257573741310468 1.2208344918438543
2084 2.0724617644223393 1.2415336294787396
2086 2.231511978763247 1.2507167896736917
2088 2.4027898488852535 1.245404244906879
2090 2.58558179558607 1.2221874087280162
2092 2.7783576527240283 1.1773054596575667
2094 2.9785287151845754 1.1068124899998897
2096 3.1822182585575356 1.0068647337173136
2098 3.3841008735335936 0.8741475248510476
2100 3.5773895312783695 0.70643531574267
2102 3.7540595691805434 0.5032320556221416
2104 3.9053800527119327 0.2663791539742426
2106 4.022761055680134 0.00046452410537378545
2108 4.098822563665228 -0.2871473150160068
2110 4.128478262493048 -0.5867854310259553
2112 4.109761981290243 -0.8874302892956494
2114 4.044157911742179 -1.1779817624616173
2116 3.936333651715729 -1.44854289654874
2118 3.793360565214798 -1.6914195604565458
2120 3.6236507616074087 -1.9016450897221053
2122 3.435883013504886 -2.0770022067267075
2124 3.238131899765113 -2.2176528527504824
2126 3.0373046981268037 -2.3255519744982673
2128 2.838886197742146 -2.4038134393337707
2130 2.646926201911558 -2.4561454446713418
2132 2.464182354179757 -2.486413116796883
2134 2.2923389004491583 -2.498338926943879
2136 2.1322434951900013 -2.4953237729775046
2138 1.9841270462209646 -2.480360404420073
2140 1.8477898566243156 -2.4560103649405423
2142 1.722749465934163 -2.4244203162918563
2144 1.6083524409985357 -2.3873598093779473
2146 1.5038554750212192 -2.346268332031648
2148 1.4084819815421739 -2.302304033586119
2150 1.321459998326162 -2.256389807923037
2152 1.2420463341570631 -2.2092546022572344
2154 1.1695408895644066 -2.1614691795204513
2156 1.1032941531385763 -2.1134763494566404
2158 1.0427100941514789 -2.0656160959589354
2160 0.9872460536217038 -2.018146208686674
2162 0.9364107649088274 -1.9712590721912133
2164 0.8897612862229275 -1.9250952377611328
2166 0.8468993748459474 -1.8797543401475265
2168 0.8074676531372543 -1.835303845650978
2170 0.7711457904856993 -1.7917860420599476
2172 0.7376468385015944 -1.7492236108774308
2174 0.7067137977386594 -1.7076240607553888
2176 0.6781164548939017 -1.6669832486900744
2178 0.6516485037908922 -1.6272881718624999
2180 0.6271249472591058 -1.5885191771166036
2182 0.6043797672595633 -1.5506517058591585
2184 0.5832638451670867 -1.5136576685691627
2186 0.5636431115303369 -1.4775065241366674
2188 0.5453969038824922 -1.4421661240588812
2190 0.5284165115718862 -1.4076033693783239
2192 0.5126038876619473 -1.3737847185625256
2194 0.49787050939635735 -1.340676576800132
2196 0.4841363703377294 -1.3082455910333195
2198 0.4713290889349791 -1.2764588701404929
2200 0.459383119875875 -1.2452841457723933
2202 0.4482390560894605 -1.2146898862226996
2204 0.4378430106560535 -1.1846453732271873
2206 0.42814606914608505 -1.155120749591079
2208 0.4191038040483141 -1.1260870439579618
2210 0.4106758439615896 -1.0975161777572433
2212 0.40282549112467253 -1.0693809583490728
2214 0.3955193816537983 -1.0416550615683347
2216 0.3887271835567572 -1.0143130062136825
2218 0.3824213282068369 -0.9873301225008281
2220 0.37657677149922164 -0.9606825160775653
2222 0.37117078138438814 -0.9343470288585677
2224 0.36618274888669816 -0.9083011976636506
2226 0.36159402007914343 -0.882523211425936
2228 0.35738774680277646 -0.8569918675586764
2230 0.35354875419806653 -0.8316865279280903
2232 0.35006342336084484 -0.8065870747659794
2234 0.34691958765107317 -0.7816738667647879
2236 0.3441064413731847 -0.7569276955239226
2238 0.34161445971551613 -0.7323297424583007
2240 0.33943532898611256 -0.7078615362332354
2242 0.33756188631584816 -0.6835049107512493
2244 0.33598806812019677 -0.6592419636896495
2246 0.33470886671866745 -0.6350550155611482
2248 0.3337202946101839 -0.610926569254351
2250 0.33301935599243765 -0.5868392699950361
2252 0.3326040251973731 -0.562775865659938
2254 0.3324732317931078 -0.5387191673661516
2256 0.33262685217720384 -0.5146520102544276
2258 0.3330657075573749 -0.4905572143815419
2260 0.33379156828583895 -0.4664175456360698
2262 0.3348071645822216 -0.4422156765919586
2264 0.33611620374951845 -0.4179341472180584
2266 0.3377233940584207 -0.39355532536563775
2268 0.3396344755486275 -0.3690613669634845
2270 0.3418562580728895 -0.34443417585893377
2272 0.34439666699117366 -0.3196553632567318
2274 0.3472647970105773 -0.294706206721901
2276 0.35047097476182865 -0.2695676087351233
2278 0.3540268308079798 -0.2442200548124443
2280 0.35794538189621183 -0.21864357123397196
2282 0.362241124391254 -0.19281768246615721
2284 0.3669301399724004 -0.1667213684096527
2286 0.3720302148351845 -0.14033302166715836
2288 0.37756097381923626 -0.11363040510010923
2290 0.38354403108629626 -0.08659061003617319
2292 0.3900031592015711 -0.05919001560444777
2294 0.3969644787310206 -0.031404249817489474
2296 0.4044566707611503 -0.003208153194979931
2298 0.4125112150816987 0.02542425406039062
2300 0.4211626571497851 0.05451980005559075
2302 0.4304489073841168 0.08410618275925497
2304 0.4404115768244115 0.11421198309494626
2306 0.45109635374310786 0.14486666705281254
2308 0.4625534264197627 0.17610057367130375
2310 0.4748379579913939 0.2079448849680969
2312 0.48801062008091295 0.24043157294047526
2314 0.5021381927878704 0.27359331756953736
2316 0.5172942396034509 0.307463388288594
2318 0.533559866887725 0.3420754795503075
2320 0.5510245787146131 0.3774634888561728
2322 0.5697872391364893 0.41366122279296375
2324 0.589957155218212 0.4507020131135505
2326 0.611655295490854 0.4886182205403733
2328 0.6350156597039914 0.5274405985461726
2330 0.6601868167906902 0.5671974826264119
2332 0.6873336286173679 0.607913762198156
2334 0.7166391771055134 0.6496095818643303
2336 0.748306911280653 0.6922987058999496
2338 0.7825630281530048 0.7359864638998516
2340 0.8196590962392787 0.780667175941375
2342 0.8598749218073739 0.8263209316273749
2344 0.903521643918942 0.8729095682401473
2346 0.9509450227068978 0.9203716581846215
2348 1.0025288528371068 0.9686162743594288
2350 1.0586983863043196 1.0175152538561762
2352 1.1199235795683329 1.0668936260606843
2354 1.1867218814895713 1.1165178128919517
2356 1.25966014005014 1.1660811512008413
2358 1.3393550141121504 1.215186239103272
2360 1.4264710153901545 1.2633235848538096
2362 1.5217149573309583 1.3098460647586088
2364 1.6258251342512406 1.3539388170525875
2366 1.739552984519559 1.3945844750464937
2368 1.8636343113538558 1.4305241679367124
2370 1.9987463855859724 1.4602156197948153
2372 2.1454465454860445 1.481791120671367
2374 2.304087462244614 1.4930203135827524
2376 2.4747044532326234 1.491285796084881
2378 2.65687173230063 1.4735835027156012
2380 2.8495281824031276 1.436564419754889
2382 3.050780186597953 1.376638475341349
2384 3.2577001566264165 1.2901635660063016
2386 3.4661546433429757 1.1737395417869625
2388 3.670713188017566 1.024614566236849
2390 3.8647028300623614 0.8411860328410418
2392 4.040473974109588 0.6235399589104967
2394 4.189919899453887 0.37392860330407157
2396 4.305237671338671 0.09705288450601045
2398 4.379838993529763 -0.1999824577700423
2400 4.409241220090227 -0.5081187988828083
2402 4.391730232998313 -0.8171729813404698
2404 4.328619683116998 -1.1169017382135504
2406 4.224034691336897 -1.3980757842600149
2408 4.084282596410612 -1.6533353752856452
2410 3.9169802449846216 -1.8776758448352204
2412 3.730145026433202 -2.06852889644456
2414 3.5314226316009654 -2.2255105493602767
2416 3.3275484112971263 -2.3499641007334673
2418 3.1240600064519684 -2.4444310954202324
2420 2.925222999498324 -2.512152336142573
2422 2.7341060927236667 -2.55665770831812
2424 2.552741553335334 -2.581465261431618
2426 2.3823194173948403 -2.5898841684262317
2428 2.2233807422545144 -2.584903068102043
2430 2.075990336818086 -2.5691415420126593
2432 1.9398806018674928 -2.544844155776771
2434 1.8145652435880795 -2.5139005165716224
2436 1.6994255058946894 -2.4778792442466084
2438 1.5937732326322203 -2.438067667437579
2440 1.496895404350347 -2.39551210697624
2442 1.4080844320175205 -2.3510557992273626
2444 1.3266578360406394 -2.3053729850407914
2446 1.2519702237512198 -2.2589986224544947
2448 1.1834198177464617 -2.2123537334223946
2450 1.1204512278510002 -2.1657666935894904
2452 1.0625557101892809 -2.119490912188293
2454 1.0092698090331893 -2.073719390471952
2456 0.9601730148022928 -2.0285966339195487
2458 0.9148848778013013 -1.9842283525030429
2460 0.8730618764386195 -1.940689330821211
2462 0.834394237790325 -1.8980297952735772
2464 0.7986028370840464 -1.8562805537007057
2466 0.7654362529956389 -1.8154571364555299
2468 0.7346680215464375 -1.7755631275224326
2470 0.7060941084034599 -1.7365928400446131
2472 0.6795306042548794 -1.6985334619858583
2474 0.654811638290183 -1.6613667739801714
2476 0.6317874989718699 -1.6250705220108494
2478 0.6103229480293156 -1.5896195117332539
2480 0.5902957120850683 -1.5549864784013043
2482 0.5715951359460907 -1.5211427759551666
2484 0.55412098193292 -1.488058920417115
2486 0.5377823604017263 -1.4557050159583256
2488 0.5224967776377676 -1.4240510865277303
2490 0.5081892884354834 -1.3930673315216315
2492 0.494791741846895 -1.3627243204173267
2494 0.4822421097189157 -1.3329931384241787
2496 0.4704838887241129 -1.3038454928929848
2498 0.45946556759458085 -1.2752537883547088
2500 0.44914015219236925 -1.2471911765514885
2502 0.43946474188563167 -1.2196315866018361
2504 0.4304001514525424 -1.1925497394551616
2506 0.4219105734079056 -1.1659211499910804
2508 0.41396327624641044 -1.1397221194719012
2510 0.40652833462776455 -1.1139297205305905
2512 0.3995783879997291 -1.0885217764518431
2514 0.3930884245702435 -1.0634768361568305
2516 0.38703558790693415 -1.0387741460226887
2518 0.38139900376547226 -1.0143936194390342
2520 0.3761596250335222 -0.9903158048189309
2522 0.37130009292873284 -0.9665218526319205
2524 0.3668046128105327 -0.942993481904027
2526 0.36265884316208286 -0.9197129465312897
2528 0.3588497964714013 -0.8966630016736151
2530 0.3553657508944192 -0.8738268704302447
2532 0.35219617171851514 -0.8511882109467022
2534 0.3493316417663336 -0.8287310840613906
2536 0.34676379998729717 -0.8064399215657018
2538 0.34448528758107194 -0.7842994951261264
2540 0.34248970108371146 -0.76229488589533
2542 0.3407715519257661 -0.7404114548233539
2544 0.33932623204233336 -0.7186348136681612
2546 0.3381499851803472 -0.696950796695979
2548 0.3372398836077029 -0.6753454330552846
2550 0.33659380998440086 -0.6538049198064425
2552 0.33621044420780694 -0.6323155955859039
2554 0.336089255092921 -0.6108639148856516
2556 0.33623049679580713 -0.5894364229310936
2558 0.33663520993348023 -0.5680197311449262
2560 0.3373052273983865 -0.5466004931910529
2562 0.3382431849095508 -0.525165381600208
2564 0.33945253638727285 -0.5037010649902062
2566 0.34093757428329263 -0.48219418590631374
2568 0.3427034550451565 -0.46063133932219086
2570 0.3447562299421392 -0.4389990518605335
2572 0.34710288153114294 -0.4172837618150392
2574 0.3497513660952354 -0.39547180008069954
2576 0.3527106624457772 -0.3735493721312593
2578 0.35599082754110317 -0.3515025412188113
2580 0.3596030594427886 -0.32931721301564865
2582 0.36355976820375224 -0.3069791219679974
2584 0.36787465536255853 -0.2844738196964144
2586 0.3725628028060357 -0.2617866658476177
2588 0.3776407718579196 -0.238902821892398
2590 0.3831267135566206 -0.21580724846640825
2592 0.38904049119976103 -0.19248470697565806
2594 0.3954038163591436 -0.16891976633480912
2596 0.4022403997069243 -0.14509681588378484
2598 0.409576118142852 -0.12100008573652045
2600 0.4174391998738986 -0.09661367606808745
2602 0.4258604292714604 -0.0719215971446693
2604 0.4348733735156643 -0.046907822260735914
2606 0.44451463323195095 -0.021556356175232022
2608 0.4548241195269395 0.004148677848241849
2610 0.4658453600353286 0.030222928677042172
2612 0.4776258367913766 0.05668168116759577
2614 0.49021735892588725 0.08353968791110618
2616 0.5036764733507408 0.11081096247961764
2618 0.5180649167059947 0.13850852652439608
2620 0.5334501118858067 0.16664410157395884
2622 0.5499057123868201 0.19522773457847553
2624 0.5675121974902766 0.22426734410415705
2626 0.5863575208252644 0.25376817153035525
2628 0.6065378140716422 0.2837321185733385
2630 0.6281581463283558 0.31415694888523643
2632 0.6513333378246997 0.34503532726657743
2634 0.6761888239756471 0.376353665112052
2636 0.7028615619897304 0.40809073500601506
2638 0.7315009669523782 0.44021601084719525
2640 0.7622698570469412 0.4726876824944308
2642 0.7953453777123936 0.5054502857526514
2644 0.8309198612786403 0.5384318797310569
2646 0.8692015609713684 0.5715406945728143
2648 0.9104151749153854 0.6046611639271593
2650 0.9548020454118775 0.6376492493879619
2652 1.0026198796243209 0.6703269601730913
2654 1.0541417879941444 0.702475973157767
2656 1.1096543743482472 0.73383026985724
2658 1.1694545351785457 0.7640677336023576
2660 1.2338445342944644 0.7928006996874621
2662 1.303124814123148 0.819565534122675
2664 1.3775838908927547 0.843811446355972
2666 1.4574845678859365 0.8648889346464845
2668 1.5430456077854353 0.8820385387195696
2670 1.634417963540503 0.8943809518941189
2672 1.7316547263306512 0.9009100378457849
2674 1.8346741798395974 0.9004909049839852
2676 1.9432158458047442 0.8918658843588552
2678 2.0567902773248 0.8736719552230752
2680 2.1746247120376205 0.8444737103349185
2682 2.2956086021706636 0.8028160961682538
2684 2.4182454458454283 0.7473005410924992
2686 2.5406200006040462 0.6766862664491213
2688 2.6603923078259952 0.590015168214475
2690 2.7748310840974444 0.48675350994150896
2692 2.880897766308334 0.36693715830591467
2694 2.975387707554002 0.23130039907665334
2696 3.0551262115406064 0.08136354247538782
2698 3.117205072584631 -0.08054588670501306
2700 3.159232601418681 -0.2513574512638623
2702 3.1795607432100144 -0.4274135734447088
2704 3.177450955559808 -0.6047049239560937
2706 3.1531483370230076 -0.7791558101642772
2708 3.1078500268011506 -0.9469180010697248
2710 3.0435745884928274 -1.1046295261167502
2712 2.962957636055946 -1.2496037815167418
2714 2.8690100051017158 -1.3799305431482096
2716 2.7648760813767157 -1.4944887146490853
2718 2.653622813822086 -1.5928855514800682
2720 2.5380781630272753 -1.675345591367027
2722 2.420725398527244 -1.7425742210285609
2724 2.3036497880766365 -1.79561738548044
2726 2.18852815117776 -1.835732866244231
2728 2.0766493547865714 -1.8642820349286395
2730 1.9689541637656673 -1.882645465522107
2732 1.866084762635341 -1.8921618720443814
2734 1.7684367560301195 -1.8940875326048652
2736 1.67620887785995 -1.889572349820703
2738 1.5894476538523499 -1.8796485693632972
2740 1.508085760512416 -1.8652285601162992
2742 1.4319738340771664 -1.8471086712292561
2744 1.3609060965491202 -1.8259768417639008
2746 1.2946404877318298 -1.802422246397407
2748 1.2329141173570444 -1.7769457706180585
2750 1.175454854881681 -1.7499705103916852
2752 1.1219898104119967 -1.7218517922650955
2754 1.0722513646698673 -1.692886426191549
2756 1.0259813014591184 -1.663321052739045
2758 0.9829334955818113 -1.6333595451959217
2760 0.9428755190838645 -1.6031694892275887
2762 0.9055894515645251 -1.572887799060323
2764 0.8708721162791325 -1.5426255479289923
2766 0.8385349118754803 -1.5124720977501218
2768 0.8084033682920498 -1.4824986129506883
2770 0.7803165229164737 -1.4527610390520627
2772 0.7541261879551842 -1.4233026199717533
2774 0.7296961606569646 -1.394156020355043
2776 0.7069014133528779 -1.3653451114093982
2778 0.6856272892070977 -1.3368864711668316
2780 0.6657687213078884 -1.3087906431191927
2782 0.6472294866087825 -1.281063190877316
2784 0.6299215017534574 -1.2537055809417876
2786 0.6137641645792958 -1.2267159208156446
2788 0.5986837427911228 -1.2000895754959267
2790 0.5846128096905904 -1.1738196817857405
2792 0.5714897257573436 -1.147897576804959
2794 0.55925816417147 -1.1223131544806304
2796 0.5478666779355316 -1.0970551615996273
2798 0.5372683060262063 -1.0721114431568926
2800 0.5274202159174992 -1.047469145172588
2802 0.5182833798301714 -1.0231148818447122
2804 0.5098222821412662 -0.9990348728039898
2806 0.5020046555119317 -0.9752150553194878
2808 0.49480124344227344 -0.9516411755304492
2810 0.48818558712919785 -0.9282988621368407
2812 0.48213383467525317 -0.9051736854397837
2814 0.47662457087091287 -0.8822512041737157
2816 0.4716386659429441 -0.8595170021949614
2818 0.4671591418260092 -0.8369567167784031
2820 0.46317105467281755 -0.8145560600149674
2822 0.4596613924671946 -0.7923008345849839
2824 0.4566189867461648 -0.7701769450080517
2826 0.4540344375710201 -0.7481704053239466
2828 0.4519000510131889 -0.7262673440442847
2830 0.45020978854035804 -0.7044540071219418
2832 0.4489592278016067 -0.6827167596168111
2834 0.4481455344181244 -0.6610420866857525
2836 0.4477674444899031 -0.6394165944918373
2838 0.44782525762831793 -0.6178270116137794
2840 0.44832084042162124 -0.5962601915363098
2842 0.44925764033506715 -0.5747031168193603
2844 0.45064071014016005 -0.5531429055781016
2846 0.4524767430602217 -0.5315668209552773
2848 0.4547741189104558 -0.5099622843373025
2850 0.457542961602052 -0.4883168931549278
2852 0.46079520847076927 -0.4666184442206544
2854 0.4645446919807909 -0.44485496369347594
2856 0.4688072344434102 -0.4230147449279802
2858 0.4736007564777197 -0.401086395665359
2860 0.47894540002266045 -0.37905889626407674
2862 0.484863666786673 -0.35692167095190325
2864 0.4913805730875456 -0.3346646744202421
2866 0.4985238220857207 -0.31227849648080397
2868 0.5063239944440705 -0.28975448797674513
2870 0.5148147584446248 -0.2670849116967603
2872 0.5240331005472698 -0.24426312269479786
2874 0.5340195772695487 -0.22128378318622444
2876 0.5448185890804719 -0.19814311808983934
2878 0.5564786767036621 -0.17483921833746646
2880 0.5690528397838893 -0.15137240029361632
2882 0.5825988772338385 -0.1277456310478784
2884 0.597179747687737 -0.10396503097549838
2886 0.6128639472637115 -0.08004046683607835
2888 0.6297259001781416 -0.055986250806515446
2890 0.6478463555352152 -0.031821963232352514
2892 0.6673127806715936 -0.007573419524437536
2894 0.6882197375676903 0.016726195508453428
2896 0.7106692237959843 0.04103499958643625
2898 0.7347709529515629 0.06530086179828344
2900 0.7606425411407688 0.08945959615792323
2902 0.7884095554476516 0.11343286534452728
2904 0.8182053668645427 0.13712575878005134
2906 0.8501707334182589 0.16042400964057793
2908 0.8844530185914186 0.1831908186539649
2910 0.9212049251356921 0.20526326008643736
2912 0.9605825946857377 0.22644825919218428
2914 1.0027428892632335 0.24651815329561547
2916 1.0478396325579384 0.2652058841060815
2918 1.0960185486491254 0.2821999212111957
2920 1.1474105972445756 0.29713909117461534
2922 1.2021233738320403 0.3096075890418337
2924 1.2602302303518127 0.31913058495778873
2926 1.3217567919684576 0.3251710121485244
2928 1.3866646191104126 0.32712833401792485
2930 1.454831918435419 0.3243403304043098
2932 1.52603147451123 0.31608919640896305
2934 1.5999063901576414 0.3016134729232196
2936 1.6759448153089387 0.28012746164601005
2938 1.75345561850486 0.2508497244390895
2940 1.8315478755166712 0.21304190483641106
2942 1.909118010777298 0.16605830335800034
2944 1.9848492301175067 0.10940527608862503
2946 2.057228227160828 0.04280757902898693
2948 2.124583658182923 -0.03372361835008874
2950 2.185149205290579 -0.11982881101596392
2952 2.2371509986287377 -0.214754033146253
2954 2.2789149142928644 -0.3173308414980194
2956 2.3089844735061504 -0.4259912373210381
2958 2.3262358918156902 -0.5388224228170456
2960 2.329974639475116 -0.6536602487474645
2962 2.3199987887778617 -0.7682132448908648
2964 2.296618757985868 -0.8802030107678267
2966 2.260630034329809 -0.9875032657835048
2968 2.213243345391032 -1.08826010619971
2970 2.155983478801391 -1.1809799200072086
2972 2.0905718813954217 -1.2645777656792436
2974 2.018808646407125 -1.3383859988164406
2976 1.9424669557165692 -1.4021287903010236
2978 1.8632086653092108 -1.4558718257971652
2980 1.7825248895087167 -1.4999576568822977
2982 1.701701267371836 -1.5349363234561262
2984 1.6218046940667186 -1.5614987681233867
2986 1.5436867877666791 -1.5804180145007036
2988 1.467999015985121 -1.5925006864155693
2990 1.3952148517148164 -1.5985495434903585
2992 1.3256551949777078 -1.5993364090125644
2994 1.259514285558151 -1.595584122506869
2996 1.196884258507169 -1.587955840736815
2998 1.137777259494526 -1.577049998416031
3000 1.0821446134203718 -1.5633994014202897
