20 5.520543916362203 -31.838831226396625
22 4.800456942643468 -29.187999457858872
24 4.224783173057861 -26.948875048994797
26 3.7559346162683407 -25.031777195181974
28 3.368046937317661 -23.37139558147981
30 3.042793506414555 -21.91902084432084
32 2.7668609405629017 -20.637573290269255
34 2.530367798868242 -19.498319871638305
36 2.325841363092796 -18.478645695458653
38 2.147536662364201 -17.56050449985534
40 1.9909719948425064 -16.729318109514335
42 1.852605177120494 -15.973179889390329
44 1.7296034939292975 -15.282268416193554
46 1.6196773841263865 -14.648409290464288
48 1.5209583195188376 -14.064743136533822
50 1.4319078596255752 -13.52547090167745
52 1.35124904693429 -13.025656220390708
54 1.2779140416469132 -12.561070450162658
56 1.2110037166243086 -12.128069993403459
58 1.1497561676625647 -11.723498314055645
60 1.0935219437808215 -11.344607032565989
62 1.0417443952972092 -10.988991897775442
64 0.9939439570362556 -10.654540460154875
66 0.9497054844752473 -10.339389023073831
68 0.9086679782760512 -10.041887006239593
70 0.87051619198036 -9.76056727256125
72 0.8349737354582278 -9.494121284752971
74 0.8017973746269701 -9.241378197938063
76 0.7707722941628022 -9.001287178771843
78 0.741708140185616 -8.772902384207413
80 0.7144356983562444 -8.555370144129661
82 0.6888040924641601 -8.34791797927786
84 0.6646784115923617 -8.149845154725071
86 0.641937691923012 -7.9605145239025825
88 0.6204731933817897 -7.779345461851096
90 0.6001869224994647 -7.605807721542423
92 0.580990361763702 -7.439416075454341
94 0.562803372846491 -7.279725627651486
96 0.5455532468131133 -7.126327700388906
98 0.5291738790375742 -6.9788462146653645
100 0.5136050503016707 -6.836934496822203
102 0.4987917986118108 -6.700272453747656
104 0.48468386877372066 -6.568564067943805
106 0.47123522882356506 -6.441535170944947
108 0.4584036441163259 -6.318931459623538
110 0.4461503012787477 -6.200516724996035
112 0.4344394754097705 -6.086071267417924
114 0.42323823488740125 -5.975390475651826
116 0.4125161789613246 -5.8682835503616495
118 0.40224520399972713 -5.76457235517523
120 0.3923992948387557 -5.664090380671787
122 0.3829543381737628 -5.5666818085450736
124 0.3738879553484462 -5.472200664806068
126 0.3651793522510151 -5.380510052292287
128 0.35680918432923275 -5.291481453941593
130 0.3487594349933279 -5.204994099325732
132 0.34101330589762613 -5.120934387838326
134 0.33355511778146607 -5.039195362706355
136 0.3263702207138849 -4.959676230673585
138 0.3194449127272586 -4.8822819227872145
140 0.31276636594856017 -4.806922692241364
142 0.3063225594413661 -4.733513745676432
144 0.3001022180651928 -4.661974904727268
146 0.29409475673841645 -4.592230294963142
148 0.2882902295608295 -4.524208059662506
150 0.28267928331371034 -4.45784009614064
152 0.2772531149080214 -4.393061812578906
154 0.27200343239927444 -4.329811903520296
156 0.26692241922836396 -4.268032142375611
158 0.2620027013840721 -4.207667189458522
160 0.2572373172154559 -4.148664414204425
162 0.2526196896501572 -4.09097373036651
164 0.24814360060037172 -4.03454744309514
166 0.24380316735975713 -3.979340106910979
168 0.23959282081503588 -3.9253083936778874
170 0.23550728531292728 -3.872410969760332
172 0.23154156003918575 -3.8206083816296172
174 0.2276909017802633 -3.769862949246223
176 0.22395080895018302 -3.7201386666076557
178 0.22031700677723584 -3.671401108907566
180 0.216785433553921 -3.623617345794754
182 0.2133522278633607 -3.576755860270978
184 0.21001371670312888 -3.5307864728052505
186 0.2067664044342729 -3.485680270271375
188 0.20360696249047971 -3.4414095393609103
190 0.20053221978734506 -3.3979477041393458
192 0.1975391537778978 -3.3552692674524356
194 0.19462488210412862 -3.313349755902973
196 0.19178665479969298 -3.272165668150886
198 0.18902184700202596 -3.2316944262998484
200 0.18632795213596676 -3.1919143301603414
202 0.1837025755340963 -3.152804514190268
204 0.18114342846194562 -3.114344906931184
206 0.17864832251862636 -3.0765161927743043
208 0.17621516438609972 -3.0392997758993885
210 0.17384195090233837 -3.0026777462411878
212 0.17152676443554135 -2.966632847358787
214 0.16926776853855954 -2.931148446074474
216 0.16706320386401027 -2.8962085037754925
218 0.1649113843224129 -2.8617975492706282
220 0.16281069346691593 -2.8279006531049684
222 0.1607595810892719 -2.794503403238742
224 0.15875656001310062 -2.7615918820090215
226 0.1568002030714199 -2.729152644294871
228 0.15488914025646897 -2.6971726968112297
230 0.15302205603057384 -2.665639478463887
232 0.1511976867877931 -2.634540841704614
234 0.14941481845668847 -2.6038650348220416
236 0.14767228423547826 -2.573600685118578
238 0.14596896245112745 -2.5437367829183977
240 0.14430377453474177 -2.5142626663586154
242 0.14267568310627876 -2.4851680069198876
244 0.14108369016165687 -2.4564427956528454
246 0.1395268353562812 -2.4280773300628304
248 0.1380041943792764 -2.4000622016135074
250 0.1365148774127173 -2.372388283816537
252 0.13505802767128125 -2.345046720875973
254 0.13363282001728938 -2.318028916851624
256 0.13223845964707256 -2.291326525322799
258 0.13087418084424848 -2.2649314395123925
260 0.12953924579646306 -2.2388357828598053
262 0.12823294347178538 -2.213031900008192
264 0.1269545885514222 -2.187512348190224
266 0.1257035204158987 -2.162269888989258
268 0.12447910218137419 -2.1372974804557234
270 0.12328071978377984 -2.112588269561435
272 0.12210778110791369 -2.0881355849736427
274 0.1209597151591793 -2.0639329301317035
276 0.11983597127584952 -2.0399739766136595
278 0.11873601837947682 -2.016252557773439
280 0.11765934426177019 -1.9927626626393364
282 0.1166054549058344 -1.9694984300573375
284 0.11557387384011826 -1.946454143070236
286 0.11456414152346123 -1.9236242235161616
288 0.1135758147597046 -1.9010032268414523
290 0.11260846614025516 -1.8785858371124455
292 0.11166168351352104 -1.8563668622172305
294 0.11073506947965198 -1.8343412292515318
296 0.10982824090956704 -1.812503980074029
298 0.10894082848711596 -1.7908502670282211
300 0.10807247627319347 -1.769375348819023
302 0.1072228412909803 -1.7480745865375895
304 0.1063915931311663 -1.7269434398290906
306 0.10557841357653584 -1.7059774631921494
308 0.10478299624475217 -1.6851723024086058
310 0.10400504624889176 -1.664523691093682
312 0.10324427987471682 -1.6440274473614092
314 0.10250042427420865 -1.623679470601279
316 0.10177321717456364 -1.603475738358492
318 0.10106240660212035 -1.583412303314546
320 0.10036775062060142 -1.5634852903614223
322 0.09968901708322034 -1.5436908937669849
324 0.0990259833979968 -1.5240253744241168
326 0.09837843630601459 -1.504485057183503
328 0.09774617167196357 -1.4850663282603476
330 0.09712899428675754 -1.465765632716919
332 0.09652671768170507 -1.446579472013093
334 0.09593916395392087 -1.427504401622981
336 0.09536616360274429 -1.4085370287129992
338 0.09480755537663266 -1.3896740098804212
340 0.09426318613054563 -1.3709120489460038
342 0.09373291069328675 -1.3522478947997023
344 0.09321659174476242 -1.3336783392965987
346 0.09271409970284736 -1.3152002151982796
348 0.09222531261968593 -1.296810394158444
350 0.09175011608723807 -1.2785057847499564
352 0.09128840315202057 -1.260283330529705
354 0.0908400742387225 -1.242140008140247
356 0.09040503708270362 -1.2240728254435094
358 0.08998320667136729 -1.206078819685928
360 0.08957450519405308 -1.1881550556928966
362 0.08917886200069546 -1.1702986240879967
364 0.08879621356900709 -1.1525066395375263
366 0.08842650348022707 -1.1347762390149905
368 0.08806968240344892 -1.1171045800873483
370 0.08772570808851501 -1.099488839215387
372 0.08739454536749622 -1.0819262100732945
374 0.08707616616484322 -1.0644139018763923
376 0.08677054951622518 -1.0469491377240026
378 0.08647768159620366 -1.0295291529489108
380 0.08619755575483887 -1.0121511934734118
382 0.08593017256323533 -0.9948125141713156
384 0.08567553986840071 -0.9775103772311818
386 0.08543367285732768 -0.9602420505203798
388 0.0852045941307008 -0.9430048059477135
390 0.08498833378632187 -0.925795917822194
392 0.0847849295124598 -0.9086126612055349
394 0.08459442669155545 -0.8914523102573237
396 0.0844168785142972 -0.8743121365685158
398 0.08425234610461566 -0.8571894074846155
400 0.08410089865582006 -0.8400813844120643
402 0.08396261357821774 -0.8229853211088266
404 0.08383757665868248 -0.805898461954644
406 0.08372588223248575 -0.7888180402011048
408 0.08362763336802054 -0.7717412761954542
410 0.08354294206471641 -0.7546653755785809
412 0.08347192946475612 -0.7375875274541047
414 0.08341472607922647 -0.7205049025245224
416 0.08337147202916559 -0.7034146511924333
418 0.08334231730225819 -0.6863139016248794
420 0.0833274220258536 -0.6691997577756899
422 0.0833269567570077 -0.6520692973654107
424 0.08334110279040856 -0.6349195698124593
426 0.08337005248493742 -0.6177475941159566
428 0.0834140096099045 -0.6005503566824619
430 0.08347318971178384 -0.5833248090972627
432 0.08354782050259563 -0.5660678658326086
434 0.08363814227095283 -0.5487764018917783
436 0.08374440831703135 -0.5314472503838572
438 0.08386688541270088 -0.5140772000231892
440 0.08400585428806803 -0.4966629925530029
442 0.08416161014601181 -0.4792013200837669
444 0.0843344632062283 -0.4616888223438731
446 0.0845247392802765 -0.44412208383870033
448 0.08473278037959374 -0.42649763090687703
450 0.08495894535819792 -0.40881192867697913
452 0.08520361059217212 -0.39106137790803364
454 0.08546717069807946 -0.37324231171586125
456 0.08575003929251633 -0.35535099217380633
458 0.08605264979541165 -0.33738360678162177
460 0.08637545627961113 -0.31933626479570165
462 0.0867189343695504 -0.3012049934114812
464 0.08708358219219879 -0.2829857337895482
466 0.08746992138334096 -0.26467433691620346
468 0.08787849815278358 -0.2462665592904817
470 0.08830988441221976 -0.22775805842507182
472 0.08876467896977308 -0.20914438815079786
474 0.08924350879550916 -0.19042099371426294
476 0.08974703036254104 -0.17158320665567234
478 0.09027593106887312 -0.15262623945301226
480 0.09083093074506209 -0.13354517992020348
482 0.09141278325379018 -0.11433498534290415
484 0.09202227818738234 -0.09499047633679153
486 0.09266024266997946 -0.0755063304130403
488 0.09332754327183171 -0.0558770752287209
490 0.09402508804314379 -0.03609708150909986
492 0.09475382867628913 -0.016160555615584014
494 0.09551476280520202 0.003938468258025153
496 0.09630893645209015 0.02420613628897428
498 0.09713744663174707 0.044648783647347666
500 0.09800144412549304 0.06527294357041191
502 0.09890213643670537 0.08608535691246308
504 0.09984079094194409 0.10709298220254534
506 0.10081873825203112 0.12830300624508062
508 0.10183737579929925 0.14972285529584395
510 0.10289817166805149 0.17136020685278283
512 0.10400266868743756 0.19322300210366475
514 0.10515248880674699 0.21531945907008496
516 0.10634933777595601 0.23765808650208312
518 0.10759501015540637 0.2602476985676524
520 0.10889139468145967 0.2830974303965714
522 0.11024048001664302 0.30621675453320524
524 0.11164436091642485 0.32961549836897436
526 0.11310524484666895 0.3533038626157485
528 0.11462545908985407 0.37729244090014846
530 0.11620745838129783 0.4015922405569723
532 0.11785383312088067 0.4262147047094546
534 0.11956731820995051 0.4511717357314617
536 0.1213508025680615 0.4764757201927213
538 0.12320733938964468 0.5021395553992513
540 0.12514015720683108 0.5281766776491168
542 0.12715267183100215 0.554601092335902
544 0.12924849925354262 0.5814274060400862
546 0.13143146959421767 0.6086708607644129
548 0.13370564219528067 0.6363473704851716
550 0.13607532196913677 0.6644735601966154
552 0.1385450771200054 0.693066807659249
554 0.14111975837187876 0.7221452880622324
556 0.14380451985061599 0.7517280218467549
558 0.1466048417837577 0.7818349259493371
560 0.14952655520047528 0.8124868687550058
562 0.152575868834582 0.843705729074655
564 0.15575939845704773 0.8755144594935313
566 0.1590841988906946 0.9079371544710088
568 0.1625577989900601 0.9409991236109182
570 0.16618823990269152 0.9747269705615549
572 0.16998411696685323 1.0091486780545476
574 0.17395462564441594 1.0442936996413001
576 0.1781096119368756 1.0801930587480364
578 0.18245962778913033 1.1168794557278354
580 0.18701599205098457 1.1543873836764542
582 0.1917908576385275 1.1927532538383592
584 0.1967972856244246 1.2320155315469181
586 0.2020493270808887 1.2722148837223393
588 0.20756211361294497 1.3133943390849758
590 0.21335195764642054 1.3555994623597774
592 0.219436463685443 1.3988785439058764
594 0.22583465192392566 1.4432828063593965
596 0.23256709579707283 1.4888666300791171
598 0.23965607528739927 1.53568779938331
600 0.24712574807201623 1.5838077718210346
602 0.25500234090954216 1.633291972985405
604 0.2633143640329215 1.6842101196856885
606 0.2720928517463619 1.7366365746626622
608 0.2813716329274976 1.7906507364127506
610 0.29118763573444156 1.8463374681679254
612 0.30158123151955346 1.903787570588294
614 0.31259662378341424 1.963098303323775
616 0.32428228899572 2.02437396130172
618 0.33669147728227794 2.0877265123635844
620 0.3498827823869121 2.1532763037859044
622 0.3639207920018181 2.221152846256515
624 0.37887683158022273 2.291495685048316
626 0.3948298171880731 2.364455369511487
628 0.4118672358986728 2.440194533556114
630 0.43008627581209036 2.518889101587106
632 0.4495951321420667 2.6007296364284715
634 0.4705145211319675 2.685922848096432
636 0.49297944009712147 2.774693284997418
638 0.5171412199272446 2.8672852321601168
640 0.5431699263261428 2.963964844596959
642 0.5712571783958894 3.065022547758178
644 0.6016194685569709 3.17077574141218
646 0.6345020870324267 3.2815718480152123
648 0.6701837783293552 3.3977917517722367
650 0.7089822877186653 3.5198536799385667
652 0.7512609944925911 3.648217583154039
654 0.7974368782460828 3.7833900763829695
656 0.8479901277820622 3.92593000539298
658 0.9034757838390316 4.0764547045143384
660 0.9645379124039615 4.235647007424479
662 1.0319269426621427 4.404263060706106
664 1.1065209830539893 4.583140964652549
666 1.1893521644663387 4.773210218904456
668 1.2816393703124518 4.9755018691119375
670 1.3848291247616684 5.1911591142294515
672 1.500646957291192 5.421447909844012
674 1.6311622903952607 5.667766739317545
676 1.7788708691510173 5.931654139046103
678 1.9468000460797075 6.214791624360825
680 2.138643951624407 6.518998154767549
682 2.358937834549108 6.846209855193372
684 2.6132837589447053 7.198434809621927
686 2.908643449168113 7.577666444476604
688 3.2537182437727536 7.985728819488123
690 3.6594402177588212 8.424010606374416
692 4.139600737848074 8.893017761844462
694 4.71163854084761 9.391631845475418
696 5.397588597304954 9.915892806198638
698 6.2251331363830795 10.457020879855545
700 7.228550542227077 10.998243900589756
702 8.449034528484901 11.509817766567851
704 9.933191891293331 11.94151212755925
706 11.727291486073934 12.212097439025321
708 13.862911580166061 12.196847515123745
710 16.327785352183565 11.718454810748995
712 19.017560769575024 10.555984479481877
714 21.678873511167637 8.497954916195912
716 23.889692220759272 5.460230732280211
718 25.154075659655977 1.6311078367820722
720 25.1298044735564 -2.489824413334949
722 23.83714143125948 -6.272398822182077
724 21.642522611029396 -9.246845491513783
726 19.03627426468142 -11.257317043389243
728 16.419127359444015 -12.402825031857004
730 14.025230332671436 -12.892934805891324
732 11.948545768579326 -12.939430561794461
734 10.198369371572495 -12.710320060492142
736 8.744184021055274 -12.323543945592967
738 7.542281061928636 -11.856196084190614
740 6.548780526589874 -11.356334901195526
742 5.7248475707807875 -10.85277562134386
744 5.038063609080989 -10.36207283931775
746 4.4621426126257075 -9.893160205206854
748 3.976068632509208 -9.45032283047931
750 3.5631338111373805 -9.035064191927857
752 3.210064765932013 -8.647265214247788
754 2.9062929890946765 -8.285898043291104
756 2.643369861978793 -7.949462040777941
758 2.4145072722071177 -7.636247189948072
760 2.2142205052458044 -7.344490497085967
762 2.0380517447232513 -7.072466197178376
764 1.8823560406544093 -6.818535167504239
766 1.7441352900137206 -6.581169385179864
768 1.62090900496247 -6.35896131209767
770 1.5106132704418191 -6.1506243757290076
772 1.411521347855404 -5.954988387739364
774 1.3221809568428569 -5.770992280711927
776 1.2413644616445954 -5.5976756228833615
778 1.1680290896455392 -5.434169790689323
780 1.1012849884049256 -5.2796893138283485
782 1.0403694390013403 -5.133523678608034
784 0.9846259299619764 -4.995029733062274
786 0.9334870888828736 -4.863624750081533
788 0.8864606916511749 -4.7387801526023985
790 0.8431181394225126 -4.620015874879555
792 0.8030849241963317 -4.506895317822899
794 0.7660327046244659 -4.3990208489993
796 0.7316726918116625 -4.296029795830114
798 0.6997501057048077 -4.1975908815602105
800 0.6700395102793872 -4.103401056381416
802 0.6423408731690075 -4.013182679781564
804 0.6164762249500585 -3.9266810141986164
806 0.5922868167741596 -3.8436619941446137
808 0.5696306937354706 -3.7639102387978998
810 0.5483806163535352 -3.6872272797228383
812 0.5284222745843581 -3.6134299786343678
814 0.5096527485048015 -3.5423491131210496
816 0.49197917769613125 -3.4738281108855262
818 0.47531760776327536 -3.4077219153947795
820 0.4595919876753228 -3.343895967935608
822 0.4447332959023636 -3.2822252928687643
824 0.43067877686119255 -3.22259367448049
826 0.4173712721031274 -3.16489291523729
828 0.4047586330942167 -3.1090221664710356
830 0.3927932044462957 -3.0548873235847447
832 0.3814313681367796 -3.002400478823461
834 0.3706331406526728 -2.9514794254563754
836 0.36036181617263446 -2.90204720794669
838 0.3505836498882845 -2.854031713307823
840 0.3412675764001475 -2.8073652993931737
842 0.3323849588296424 -2.7619844563527574
844 0.32390936488697814 -2.717829497913681
846 0.31581636664274126 -2.6748442795090823
848 0.30808336118527907 -2.6329759406116717
850 0.3006894097165292 -2.5921746689152605
852 0.2936150929556277 -2.552393484260241
854 0.28684238099308706 -2.5135880404272393
856 0.28035451597086497 -2.4757164431135905
858 0.274135906168365 -2.438739082595674
860 0.2681720302454979 -2.4026184797186274
862 0.2624493505486906 -2.3673191440104513
864 0.25695523451378666 -2.3328074428262515
866 0.2516778833155734 -2.299051480545244
868 0.2466062670120335 -2.2660209869360006
870 0.24173006551822315 -2.2336872138944126
872 0.23703961482029073 -2.202022839833944
874 0.23252585790669247 -2.1710018810797775
876 0.22818029995074077 -2.1405996096741866
878 0.2239949673312047 -2.1107924770636184
880 0.2199623701210662 -2.0815580431804563
882 0.21607546771515068 -2.0528749104805257
884 0.2123276373019271 -2.0247226625379944
886 0.20871264491528352 -1.9970818068304514
888 0.20522461883052381 -1.96993372138714
890 0.20185802509151962 -1.9432606049928836
892 0.198607644979205 -1.9170454306763451
894 0.19546855424928913 -1.8912719022266082
896 0.19243610398524283 -1.8659244135098432
898 0.18950590292694272 -1.8409880103719602
900 0.1866738011498958 -1.8164483549363404
902 0.1839358749812063 -1.792291692116071
904 0.18128841305012913 -1.7685048181787504
906 0.17872790338035557 -1.7450750512130517
908 0.17625102144014038 -1.721990203357699
910 0.17385461907461897 -1.699238554667542
912 0.17153571425107894 -1.67680882849584
914 0.1692914815553162 -1.6546901682864834
916 0.16711924338231032 -1.632872115673595
918 0.16501646177040602 -1.6113445897966021
920 0.16298073083247755 -1.5900978677429587
922 0.16100976974247352 -1.5691225660387755
924 0.15910141623944296 -1.5484096231116289
926 0.15725362061530276 -1.527950282657256
928 0.15546444015546815 -1.5077360778421764
930 0.15373203400544821 -1.4877588162836075
932 0.15205465843890328 -1.4680105657474074
934 0.15043066250590117 -1.4484836405107888
936 0.1488584840426922 -1.4291705883379193
938 0.14733664602694155 -1.4100641780203336
940 0.14586375326505172 -1.3911573874360577
942 0.14443848940052506 -1.3724433920826642
944 0.14305961423499997 -1.3539155540423022
946 0.14172596135607526 -1.3355674113373308
948 0.14043643606868594 -1.317392667637407
950 0.13919001362946623 -1.2993851822775115
952 0.13798573778663722 -1.2815389605509129
954 0.13682271963076742 -1.2638481442363438
956 0.13570013676549522 -1.2463070023238791
958 0.13461723281079177 -1.2289099218993211
960 0.13357331725567004 -1.2116513991493079
962 0.13256776568196924 -1.1945260304468233
964 0.1316000203861986 -1.1775285034767018
966 0.13066959143256202 -1.16065358835729
968 0.12977605817753968 -1.1438961287149627
970 0.12891907131464184 -1.1272510326629397
972 0.12809835549768464 -1.110713263635261
974 0.1273137126125411 -1.094277831022387
976 0.12656502578060336 -1.077939780550092
978 0.1258522641936594 -1.0616941843410836
980 0.1251754888988825 -1.0455361305920956
982 0.12453485967575363 -1.0294607127945894
984 0.1239306431744268 -1.013463018420566
986 0.123363222518504 -0.9975381169898722
988 0.1228331086158132 -0.9816810474288317
990 0.1223409534696921 -0.9658868046215013
992 0.12188756584388569 -0.9501503250534068
994 0.12147392970707681 -0.9344664714376802
996 0.12110122597402014 -0.9188300162160392
998 0.12077085817100619 -0.9032356238244349
1000 0.12048448279140822 -0.8876778316214152
1002 0.12024404527761942 -0.8721510293939686
1004 0.12005182277834792 -0.8566494373824347
1006 0.11991047509548153 -0.8411670828161744
1008 0.1198231055671435 -0.8256977750300704
1010 0.11979333405074498 -0.8102350793526016
1012 0.11982538469502851 -0.7947722901411209
1014 0.11992419185234683 -0.7793024036179773
1016 0.12009552831883168 -0.7638180915709356
1018 0.12034616114685544 -0.748311677594075
1020 0.1206840416081266 -0.7327751184425484
1022 0.12111853756631213 -0.7171999943978001
1024 0.12166071862411029 -0.7015775144899214
1026 0.12232370702734227 -0.6858985452887122
1028 0.12312311051607677 -0.6701536762062
1030 0.12407755715260071 -0.6543333404926104
1032 0.12520935657316543 -0.6384280203359982
1034 0.1265453168339645 -0.622428578126011
1036 0.1281177503338733 -0.6063267761373603
1038 0.12996570459873982 -0.5901160766966014
1040 0.13213645072526572 -0.5737928586914867
1042 0.13468724758472908 -0.5573582499755259
1044 0.13768736131965267 -0.5408208662473843
1046 0.14122023486180582 -0.5242008730141617
1048 0.14538553128078696 -0.5075359519539338
1050 0.1503004495856819 -0.4908899444551799
1052 0.15609912316516744 -0.4743651083809032
1054 0.16292790539175067 -0.4581189021817952
1056 0.17093276341301405 -0.4423856321656141
1058 0.18023284326730596 -0.4275014052512597
1060 0.19087219336283648 -0.41392632967289966
1062 0.20274199179072241 -0.40224927708183333
1064 0.21547387799577042 -0.39314787479096214
1066 0.22832932159871197 -0.3872665328415519
1068 0.240152828851079 -0.3849885074405357
1070 0.24949288311740703 -0.38614278815277175
1072 0.2549561516700064 -0.38979675706159916
1074 0.2556976967485608 -0.394339172450897
1076 0.2517676430822667 -0.39791574794007856
1078 0.24406866776020603 -0.398999198667596
1080 0.23396426275149507 -0.39675692869771756
1082 0.22281475710458198 -0.3910670229155082
1084 0.21167967106413357 -0.3822942710719078
1086 0.20123518846651736 -0.37102118923124316
1088 0.1918287664799689 -0.3578523866205609
1090 0.18357939239486526 -0.34331369696811126
1092 0.17646993373300324 -0.3278199219231888
1094 0.17041377389514542 -0.31167903520105844
1096 0.16529652205960632 -0.29511052088735346
1098 0.16099943597287714 -0.2782660585562364
1100 0.15741117027971008 -0.26124766459016946
1102 0.15443272090652432 -0.24412196669869415
1104 0.1519786958327282 -0.2269308103917867
1106 0.14997676711451563 -0.2096988850739673
1108 0.14836633950033998 -0.19243910074662607
1110 0.14709698201880436 -0.17515633357692342
1112 0.14612689144276006 -0.15785001525366907
1114 0.14542150546121402 -0.1405159133207151
1116 0.14495230465730816 -0.1231473494219014
1118 0.14469580371956275 -0.10573602838311723
1120 0.14463271516022658 -0.08827259820231706
1122 0.14474726281119898 -0.07074702396732142
1124 0.14502662184840842 -0.053148833013286045
1126 0.14546046404010243 -0.035467270874898586
1128 0.14604058975914477 -0.01769139535700704
1130 0.14676063127589 0.00018987239201974712
1132 0.1476158146066886 0.018187726744276315
1134 0.14860276960334626 0.036313477367331926
1136 0.1497193800077787 0.05457856368421679
1138 0.1509646668906438 0.07299457974521636
1140 0.15233870028804164 0.09157330659960516
1142 0.15384253499787176 0.11032675021474905
1144 0.15547816744252613 0.129267183660065
1146 0.15724851129180806 0.14840719275064218
1148 0.1591573902029979 0.16775972467821124
1150 0.1612095466064112 0.1873381393942344
1152 0.16341066596969184 0.20715626367555692
1154 0.16576741643484444 0.22722844791418742
1156 0.1682875041589981 0.24756962574654715
1158 0.1709797451205351 0.2681953766796403
1160 0.17385415459321243 0.2891219918787383
1162 0.17692205596070604 0.3103665432696215
1164 0.180196211057822 0.331946956053187
1166 0.1836909748045115 0.35388208465009313
1168 0.1874224775634218 0.37619179195203967
1170 0.19140883942842096 0.398897031562662
1172 0.19567042156757292 0.4220199324268462
1174 0.2002301208354655 0.4455838848508897
1176 0.20511371517767646 0.4696136263663519
1178 0.21035026892521783 0.494135325131663
1180 0.2159726089779709 0.5191766575152911
1182 0.22201788517715 0.5447668750694021
1184 0.22852823095111824 0.5709368541286589
1186 0.23555154368540027 0.5977191185555384
1188 0.24314240832892753 0.6251478224358848
1190 0.2513631926238374 0.6532586744095229
1192 0.2602853481559793 0.682088778279876
1194 0.2699909582672404 0.7116763548384786
1196 0.2805745817917638 0.7420602964445702
1198 0.29214545049088325 0.773279487369703
1200 0.3048300876427331 0.8053717972862547
1202 0.31877542470820214 0.8383726197613598
1204 0.3341525007702371 0.8723127784541371
1206 0.3511608325450135 0.9072155557087935
1208 0.3700335358290465 0.9430925045119053
1210 0.39104325288403796 0.9799375763483151
1212 0.4145088783915019 1.0177189232891342
1214 0.4408029522133228 1.0563675002326305
1216 0.4703593556969728 1.0957612914604768
1218 0.503680537763527 1.1357036115088441
1220 0.5413427948558063 1.1758935039976033
1222 0.5839969661750477 1.2158858585780932
1224 0.6323600472276187 1.2550386764710595
1226 0.6871903858092838 1.2924453558235187
1228 0.7492350687992841 1.3268517595904248
1230 0.8191329407653158 1.356562632684944
1232 0.8972515538259186 1.3793519349257644
1234 0.9834347381699526 1.3924096600975502
1236 1.0766472323673515 1.3923852562523358
1238 1.174537329280754 1.3756200826703673
1240 1.2730127913847595 1.3386780324577483
1242 1.3660382590564486 1.2792398714529643
1244 1.445961259888505 1.1972666293325205
1246 1.5046293981070054 1.0960578290274794
1248 1.5352358702555386 0.982586714459032
1250 1.5342887759601604 0.8665941263904458
1252 1.5027542866668409 0.7585267107504119
1254 1.4457280122908307 0.6671581321847992
1256 1.3708288916320535 0.597958588583038
1258 1.2861815755417298 0.552752238657234
1260 1.1988459502946471 0.5304363809191545
1262 1.1140570238693586 0.5281427286820647
1264 1.0351614209378595 0.542307652543487
1266 0.9639429615556566 0.5694074477176968
1268 0.9010661330791819 0.6063489944714117
1270 0.846481517624079 0.6506100115361432
1272 0.7997352776632013 0.7002340197059664
1274 0.7601802329332853 0.7537582138186892
1276 0.7271079664455248 0.810121208926662
1278 0.6998250576480134 0.8685743433105126
1280 0.6776928791563782 0.9286060778360533
1282 0.6601450859784469 0.9898816145330835
1284 0.6466922427841485 1.0521965235460349
1286 0.6369195557089735 1.1154420147675101
1288 0.6304813123400855 1.1795793725873935
1290 0.6270941160836353 1.2446213723438802
1292 0.6265300649262333 1.310618913439107
1294 0.6286104661371457 1.3776515049799096
1296 0.6332003564754172 1.4458205781627802
1298 0.6402039195548945 1.5152448670889127
1300 0.6495607998858227 1.586057303368823
1302 0.6612432709738627 1.6584030215068992
1304 0.6752542011928715 1.732438183309778
1306 0.6916257632992813 1.8083294103676186
1308 0.7104188441593063 1.886253671841855
1310 0.7317231265248207 1.966398516267759
1312 0.7556578324698116 2.0489625651275047
1314 0.7823731375341495 2.1341562056329737
1316 0.8120522855536025 2.222202432498697
1318 0.8449144569026342 2.3133377947582514
1320 0.8812184680584428 2.4078134044861565
1322 0.9212674088675424 2.505895959619592
1324 0.9654143567725504 2.607868722389471
1326 1.0140693458192316 2.7140323768729084
1328 1.0677078140967355 2.8247056618705733
1330 1.1268808081408832 2.940225635555681
1332 1.192227288796607 3.0609473716294553
1334 1.264488962287589 3.187242806559682
1336 1.3445281549574173 3.319498344608141
1338 1.4333493621085533 3.4581106685894993
1340 1.5321252312183942 3.6034799809867124
1342 1.6422278856040982 3.7559995856011
1344 1.7652666493480063 3.9160402769379736
1346 1.903133381259631 4.083927380150189
1348 2.0580567306937962 4.259907405074424
1350 2.2326666256953187 4.444100042368006
1352 2.430070074229308 4.636429502038446
1354 2.653938688358597 4.836526799566444
1356 2.908606856384472 5.043591323010567
1358 3.1991765527403606 5.256195653771187
1360 3.5316193275356507 5.472012041389433
1362 3.91285633563176 5.687432340809426
1364 4.350780678119033 5.897046610876852
1366 4.854158979628918 6.092941766215893
1368 5.432306158907502 6.263787209614573
1370 6.094364519468275 6.393702708457867
1372 6.847937180798715 6.460979728441424
1374 7.696746835161852 6.436890517576051
1376 8.636978561035804 6.285117235517664
1378 9.652165691066063 5.962784386541899
1380 10.707132661561198 5.424564760457394
1382 11.742845314258346 4.631417390447339
1384 12.675836445388274 3.5643473858713577
1386 13.40686001166181 2.240338463041615
1388 13.841103555275037 0.7230855164137486
1390 13.915318685070993 -0.8807309567039084
1392 13.61946025914 -2.443316956873496
1394 13.000190967141162 -3.8478092340126455
1396 12.144084803513065 -5.014810972617025
1398 11.150820074894924 -5.91205626727136
1400 10.109956683683171 -6.54752721809229
1402 9.088615017779578 -6.954390543670553
1404 8.129496195735161 -7.176187532884892
1406 7.25491017038791 -7.256502931251561
1408 6.472696324656857 -7.233526581919618
1410 5.781652983006024 -7.1381710014119895
1412 5.175615565237773 -6.994201697105996
1414 4.646167046569052 -6.819251484375571
1416 4.1842783892657005 -6.626064841006685
1418 3.7812145052930095 -6.423660113611903
1420 3.4289770929018104 -6.218295793824791
1422 3.120474370603523 -6.014225277046701
1424 2.849540133974604 -5.814265033060376
1426 2.6108765771542406 -5.620212626319407
1428 2.3999640187383044 -5.433149806003302
1430 2.2129613212295847 -5.2536601815299235
1432 2.0466092983585233 -5.08198455043541
1434 1.8981428120279047 -4.918131215774921
1436 1.7652136207665743 -4.761954026209356
1438 1.6458241308023345 -4.613207361428403
1440 1.538271276417609 -4.471584688030674
1442 1.4410993779090817 -4.336745423080775
1444 1.353060737449449 -4.208333484842402
1446 1.2730827899486676 -4.0859899396798145
1448 1.2002407467014464 -3.9693614624938545
1450 1.1337348107039389 -3.85810583571171
1452 1.07287118183163 -3.751895361306399
1454 1.0170461972655789 -3.6504188104720567
1456 0.9657330637874053 -3.553382357247359
1458 0.9184707333104533 -3.4605098148531344
1460 0.8748545524095781 -3.371542402167965
1462 0.8345283824308666 -3.2862382022367673
1464 0.7971779409431172 -3.2043714276111697
1466 0.7625251597252554 -3.125731573474985
1468 0.7303233908109399 -3.0501225151420814
1470 0.7003533217976076 -2.9773615890071485
1472 0.6724194858692925 -2.9072786834493245
1474 0.6463472717969931 -2.839715357178356
1476 0.6219803553917114 -2.774523996085762
1478 0.599178487167983 -2.7115670151056466
1480 0.5778155818774023 -2.6507161083806405
1482 0.5577780645395451 -2.5918515488072154
1484 0.5389634349875209 -2.534861536512935
1486 0.5212790190519722 -2.479641594812703
1488 0.5046408795624642 -2.4260940115483494
1490 0.4889728645418672 -2.374127323332882
1492 0.4742057734617346 -2.3236558400259995
1494 0.4602766253390829 -2.2745992066965104
1496 0.44712801489099707 -2.226882000348385
1498 0.43470754500497355 -2.1804333587636777
1500 0.422967325499223 -2.135186638933477
1502 0.4118635295912415 -2.0910791026824453
1504 0.40135600071505284 -2.048051627248046
1506 0.3914079033587549 -2.006048438724167
1508 0.3819854124710378 -1.9650168664357295
1510 0.3730574367308274 -1.9249071164595044
1512 0.3645953716082088 -1.8856720626468357
1514 0.35657287868818394 -1.8472670536406113
1516 0.3489656881925902 -1.8096497345026763
1518 0.34175142203434483 -1.7727798816861566
1520 0.3349094350802399 -1.7366192501932252
1522 0.32842067259445207 -1.7011314318604263
1524 0.32226754208891695 -1.6662817238009022
1526 0.31643379802833765 -1.6320370061199512
1528 0.3109044380280875 -1.5983656280919227
1530 0.30566560935023096 -1.5652373020585988
1532 0.30070452464742203 -1.532623004368509
1534 0.2960093860311949 -1.5004948827353626
1536 0.29156931665188646 -1.4688261694440272
1538 0.28737429907464246 -1.4375910998776773
1540 0.28341511982161416 -1.406764835883388
1542 0.27968331952589864 -1.3763233935288937
1544 0.27617114820978 -1.3462435748377282
1546 0.2728715252592803 -1.3165029031203666
1548 0.269778003720065 -1.2870795615451356
1550 0.266884738587402 -1.257952334616975
1552 0.2641864588057314 -1.229100552253707
1554 0.26167844273249663 -1.200504036167403
1556 0.25935649685610423 -1.1721430482753674
1558 0.257216937590942 -1.1439982408795428
1560 0.25525657600256246 -1.1160506083643522
1562 0.25347270534466987 -1.088281440174314
1564 0.2518630913167679 -1.0606722748405837
1566 0.2504259649769836 -1.0332048548318467
1568 0.24916001827023507 -1.0058610820106249
1570 0.2480644021565545 -0.9786229734782979
1572 0.24713872734960524 -0.9514726175950983
1574 0.24638306770056884 -0.9243921299595357
1576 0.24579796628890208 -0.8973636091322973
1578 0.24538444430860953 -0.8703690918839644
1580 0.24514401286761198 -0.8433905077434254
1582 0.24507868784865397 -0.8164096326151477
1584 0.2451910080136213 -0.7894080412267318
1586 0.24548405656961902 -0.7623670581571546
1588 0.24596148645548072 -0.7352677071840894
1590 0.24662754965195713 -0.7080906586750435
1592 0.24748713086881552 -0.6808161747305439
1594 0.24854578601836935 -0.6534240517692842
1596 0.24980978594806194 -0.625893560224825
1598 0.2512861659772881 -0.598203380999377
1600 0.2529827818652313 -0.5703315382962141
1602 0.25490837293091206 -0.5422553284217277
1604 0.2570726331541816 -0.5139512441197132
1606 0.25948629121070466 -0.48539489396383484
1608 0.2621612005374343 -0.4565609163007398
1610 0.2651104406909077 -0.42742288719451665
1612 0.2683484314535478 -0.3979532217839111
1614 0.27189106136746344 -0.3681230684184646
1616 0.2757558326364665 -0.33790219489691503
1618 0.2799620246433172 -0.30725886608432834
1620 0.2845308786872111 -0.2761597121423432
1622 0.28948580696783277 -0.244569586564751
1624 0.29485262933765954 -0.2124514131773877
1626 0.30065984192941597 -0.17976602123563587
1628 0.3069389224570306 -0.1464719677451944
1630 0.31372467780864977 -0.11252534614475442
1632 0.32105564052440705 -0.07787958053816889
1634 0.32897452191154375 -0.04248520475769199
1636 0.3375287309337894 -0.006289625702170091
1638 0.34677096966757265 0.030763129354611663
1640 0.3567599181013639 0.06873268140907576
1642 0.3675610234371398 0.10768258369917334
1644 0.37924741192009787 0.14768061958651543
1646 0.39190094467776687 0.18879911182309658
1648 0.40561344322227344 0.2311152391299184
1650 0.4204881153131064 0.27471135387199264
1652 0.4366412179819959 0.3196752916609682
1654 0.45420400191452837 0.3661006596637152
1656 0.4733249903363547 0.41408708483779244
1658 0.49417265638780894 0.46374039570569725
1660 0.5169385760695814 0.5151727008761156
1662 0.5418411496190794 0.568502313264894
1664 0.5691300031049473 0.6238534494556351
1666 0.5990912045617831 0.6813556068782451
1668 0.6320534555260294 0.7411424847381132
1670 0.6683954495796266 0.8033502641179667
1672 0.7085546242202188 0.8681149931332092
1674 0.7530375699759904 0.9355687271927362
1676 0.802432398518804 1.0058339422651084
1678 0.8574234041933342 1.0790155568383517
1680 0.9188083706431358 1.1551896473078076
1682 0.9875188577199571 1.234387596907555
1684 1.0646437215252038 1.3165739475313771
1686 1.151455917584572 1.401615586460552
1688 1.2494422222151098 1.4892390496739027
1690 1.3603347295802573 1.578971615378932
1692 1.4861415993069227 1.670060473152959
1694 1.629172161657984 1.7613626315431419
1696 1.792047560508833 1.8511965810493272
1698 1.9776818148594157 1.9371456238778009
1700 2.1892084745161706 2.015803475618327
1702 2.4298139222528348 2.082457760043266
1704 2.7024196254481967 2.1307209574018056
1706 3.0091348032654563 2.152148719697652
1708 3.350387303815045 2.1359423997452684
1710 3.723656416367604 2.0689250077619503
1712 4.121819081219734 1.9361020541499345
1714 4.531338334649587 1.7222228247419233
1716 4.930903101988951 1.41471587162529
1718 5.291575917547428 1.0079777130082108
1720 5.579662803474285 0.5081021011248089
1722 5.762821479671512 -0.0639848056521016
1724 5.818138462575763 -0.673431423496217
1726 5.738945064079606 -1.2774941841390244
1728 5.53688504460802 -1.8348993051948035
1730 5.238093350513491 -2.314506900010377
1732 4.875629519249987 -2.6997582129919078
1734 4.481832452892389 -2.9881221241876084
1736 4.083247403717803 -3.1872726769594584
1738 3.69871587653809 -3.3104270184117497
1740 3.339783932118261 -3.3725055301956
1742 3.0122300020497272 -3.3876827789440966
1744 2.7178119731524197 -3.3681831581207353
1746 2.4557698472119758 -3.3239222443642547
1748 2.223940486943927 -3.2626161075839937
1750 2.0195069934942818 -3.190094609430842
1752 1.8394640868096006 -3.110665553253462
1754 1.6808850949613803 -3.0274546367333106
1756 1.5410600085856336 -2.9426923746369633
1758 1.4175544509695737 -2.8579430222903204
1760 1.3082228040619077 -2.7742810795302684
1762 1.2111965414312238 -2.6924244469058607
1764 1.124860550078528 -2.6128334630235504
1766 1.0478248885655963 -2.535783873824194
1768 0.9788961114319353 -2.4614202516972736
1770 0.9170502893073167 -2.389794924169803
1772 0.8614086841469016 -2.3208962417178243
1774 0.811216379351703 -2.2546690379877923
1776 0.7658238113826613 -2.1910293877229226
1778 0.7246709761929659 -2.1298752066713007
1780 0.6872740131961786 -2.0710938224743716
1782 0.6532138552726918 -2.0145673405950784
1784 0.6221266482319253 -1.9601764064588874
1786 0.5936956714957209 -1.9078028024743132
1788 0.567644524736784 -1.857331200197381
1790 0.5437313781068359 -1.8086503016354627
1792 0.5217441141822657 -1.7616535407636522
1794 0.5014962168699408 -1.7162394703780088
1796 0.4828232860113836 -1.6723119258037065
1798 0.46558007644689253 -1.6297800323553806
1800 0.44963797717985615 -1.588558105384096
1802 0.43488286040393515 -1.5485654784743403
1804 0.4212132419158246 -1.509726285590682
1806 0.4085387042018911 -1.4719692157911841
1808 0.39677854157964954 -1.4352272538333748
1810 0.3858605934797322 -1.3994374161054035
1812 0.3757202375065568 -1.3645404884541497
1814 0.36629951851898696 -1.3304807703820443
1816 0.3575463937895391 -1.2972058285486376
1818 0.3494140774742576 -1.2646662613974735
1820 0.34186047026347954 -1.2328154759193979
1822 0.33484766228513163 -1.2016094769869592
1824 0.32834149916922306 -1.1710066692846508
1826 0.32231120272109265 -1.1409676715772312
1828 0.3167290389411338 -1.111455142866349
1830 0.3115700272145077 -1.0824336198626126
1832 0.30681168540871967 -1.053869365124521
1834 0.3024338063913611 -1.0257302251777385
1836 0.2984182621351843 -0.9979854979126879
1838 0.2947488321359868 -0.9706058085634572
1840 0.29141105334421225 -0.9435629935856256
1842 0.2883920892189498 -0.9168299917760983
1844 0.2856806158632053 -0.8903807420048335
1846 0.2832667235021695 -0.864190086962062
1848 0.28114183182924396 -0.8382336823563312
1850 0.2792986179744839 -0.812487911032592
1852 0.27773095605248455 -0.7869298015121557
1854 0.2764338674266642 -0.7615369504881772
1856 0.27540348098820483 -0.736287448841366
1858 0.2746370028942865 -0.7111598107693923
1860 0.2741326953450884 -0.6861329056526771
1862 0.27388986410476246 -0.6611858923064555
1864 0.2739088545912697 -0.6362981552949324
1866 0.27419105647541364 -0.6114492430110278
1868 0.2747389168434302 -0.5866188072511317
1870 0.2755559620920299 -0.5617865440422624
1872 0.27664682884162756 -0.5369321355081823
1874 0.2780173042760409 -0.5120351925926417
1876 0.27967437644572957 -0.4870751984942068
1878 0.2816262952109911 -0.462031452706862
1880 0.28388264465264973 -0.4368830156096328
1882 0.2864544279444148 -0.41160865360365717
1884 0.289354165866251 -0.386186784864883
1886 0.29259601034503985 -0.360595425863217
1888 0.2961958746427172 -0.33481213890146505
1890 0.30017158207587313 -0.3088139810548949
1892 0.3045430354513313 -0.28257745504849857
1894 0.30933240974476645 -0.25607846280571145
1896 0.31456437093991046 -0.2292922626471198
1898 0.32026632439356456 -0.20219343142315022
1900 0.3264686966026544 -0.17475583324962993
1902 0.3332052548356578 -0.1469525969940906
1904 0.3405134697581156 -0.11875610526848542
1906 0.34843492694640543 -0.0901379984396831
1908 0.3570157940492057 -0.0610691981298063
1910 0.3663073513392166 -0.03151995587899476
1912 0.3763665945004212 -0.0014599341663954428
1914 0.3872569197285762 0.02914167110179796
1916 0.3990489025782964 0.06031595510301103
1918 0.41182118346239044 0.09209406101673157
1920 0.42566147426257456 0.12450685088530487
1922 0.4406677020994534 0.15758446705764592
1924 0.4569493078302144 0.19135575465690957
1926 0.47462871815132485 0.2258475076766288
1928 0.4938430110309588 0.26108349139807474
1930 0.5147457942181235 0.2970831813150242
1932 0.5375093152072694 0.33386014299514266
1934 0.5623268174437914 0.37141995752994583
1936 0.5894151505071359 0.4097575725199747
1938 0.6190176296998863 0.44885392789432527
1940 0.6514071203050489 0.4886716682237434
1942 0.6868892900171992 0.5291497075980218
1944 0.7258059244342833 0.5701963590511324
1946 0.7685381276403956 0.6116806782681657
1948 0.815509122698875 0.6534216030457949
1950 0.8671862117672274 0.6951744011504828
1952 0.9240812349590456 0.7366138809674346
1954 0.9867485594490998 0.7773137923158935
1956 1.0557792112993036 0.8167218847712668
1958 1.1317892091473039 0.8541302566161595
1960 1.2153994592508868 0.88864101130726
1962 1.3072037433740125 0.9191279767910743
1964 1.4077204569605748 0.9441965250875207
1966 1.5173230377582905 0.9621455899802426
1968 1.6361438691285999 0.9709390578935553
1970 1.763947550589589 0.9681979298123735
1972 1.89997287000538 0.9512298052414836
1974 2.0427499549737527 0.917117369256181
1976 2.1899111877142596 0.8628904604695862
1978 2.338031696111015 0.7858030952252234
1980 2.4825549187478217 0.6837223304577248
1982 2.6178734418584555 0.5556055739105276
1984 2.737632311877755 0.4019975338023077
1986 2.835287211405694 0.22542893149084262
1988 2.904877808993423 0.03057111336711522
1990 2.9418833161456246 -0.17597622204301613
1992 2.943954213494661 -0.3862983037604924
1994 2.911310279263307 -0.5920821728680776
1996 2.8466816985513796 -0.7856249882905495
1998 2.7548154059676495 -0.9606860793688901
2000 2.641702317889091 -1.1129991233476395
2002 2.5137406871262966 -1.2403868289422744
2004 2.3770225198798007 -1.3425422704767298
2006 2.2368473929854127 -1.4206092666957195
2008 2.0974800524426396 -1.476699655992866
2010 1.9621082003156276 -1.513449455300721
2012 1.8329329538814385 -1.533667810350022
2014 1.7113275016950489 -1.5400925465079711
2016 1.5980156316922893 -1.53524144804407
2018 1.4932402737075614 -1.5213377891136444
2020 1.396907346072454 -1.5002873635947243
2022 1.308700413319787 -1.473687664451781
2024 1.2281674864602956 -1.4428547414837962
2026 1.1547839841581156 -1.4088578945837913
2028 1.0879966389693851 -1.3725560533579342
2030 1.027252885226173 -1.3346323479684399
2032 0.9720195842954718 -1.2956251398817795
2034 0.9217941561560377 -1.2559548752064449
2036 0.8761104542234119 -1.2159467533833586
2038 0.8345411061186208 -1.1758495323905742
2040 0.7966975581364768 -1.135850934570669
2042 0.76222869343072 -1.0960901527327425
2044 0.7308186229919291 -1.0566679341536487
2046 0.7021840532030522 -1.0176546708719103
2048 0.6760714955030599 -0.9790968658784528
2050 0.6522544873441216 -0.9410222860761694
2052 0.6305309275000675 -0.9034440589801007
2054 0.6107205841217291 -0.8663639230111344
2056 0.5926628043230405 -0.8297748012922451
2058 0.5762144349077379 -0.793662835680057
2060 0.5612479518259789 -0.7580089905979319
2062 0.5476497887762743 -0.7227903142096451
2064 0.535318851427814 -0.6879809267370842
2066 0.5241652019210384 -0.6535527915123975
2068 0.5141088978470842 -0.6194763130102265
2070 0.5050789702892983 -0.5857207970583886
2072 0.4970125263879238 -0.5522548012328733
2074 0.4898539630302543 -0.5190463977184645
2076 0.48355427952477104 -0.48606336636899783
2078 0.4780704783935832 -0.45327333208337045
2080 0.47336504465757484 -0.4206438577358608
2082 0.46940549515863617 -0.38814250161153885
2084 0.4661639905490655 -0.3557368464743076
2086 0.463617003572831 -0.3233945059439291
2088 0.4617450381692133 -0.2910831127030783
2090 0.4605323947516052 -0.2587702921359833
2092 0.4599669777600746 -0.2264236242697034
2094 0.4600401422655623 -0.1940105963096887
2096 0.4607465770250448 -0.16149854760780757
2098 0.4620842219609555 -0.12885460854358777
2100 0.4640542185732462 -0.09604563453007808
2102 0.46666089229898505 -0.0630381361524925
2104 0.46991176632071585 -0.029798206306510523
2106 0.47381760679999374 0.003708554882575833
2108 0.4783924999859522 0.037517116619763605
2110 0.48365396212835615 0.07166309472491843
2112 0.4896230836206912 0.10618282883122387
2114 0.49632470931970585 0.1411134585742214
2116 0.5037876575438315 0.17649299767786727
2118 0.5120449808552288 0.21236040461049346
2120 0.5211342723884901 0.24875564816996062
2122 0.5310980222167035 0.2857197659493588
2124 0.541984029055937 0.3232949131164067
2126 0.5538458735150987 0.36152439828008104
2128 0.5667434601151987 0.4004527023838253
2130 0.5807436364473691 0.4401254755213658
2132 0.595920899126064 0.4805895052536576
2134 0.6123581976412477 0.5218926483587133
2136 0.6301478488328593 0.5640837158746929
2138 0.6493925765152934 0.6072122987008183
2140 0.6702066927701463 0.6513285177595818
2142 0.692717439599208 0.6964826786291941
2144 0.7170665119562601 0.7427248054054325
2146 0.7434117856090628 0.7901040220833951
2148 0.7719292757229206 0.8386677416084901
2150 0.8028153543458689 0.8884606125072668
2152 0.8362892568624454 0.9395231601358953
2154 0.8725959085745912 0.9918900434087997
2156 0.9120091022694187 1.0455878275706532
2158 0.9548350550596543 1.1006321481604961
2160 1.0014163666255318 1.157024109598504
2162 1.0521363893368907 1.2147457224231772
2164 1.107424000829042 1.2737541345851688
2166 1.1677587374954133 1.3339743527710912
2168 1.233676197402648 1.3952900780248103
2170 1.305773545451064 1.4575321950828648
2172 1.384714841195795 1.520464357206674
2174 1.4712357456450498 1.5837650008028457
2176 1.5661469275100763 1.6470050142751949
2178 1.6703351558403863 1.7096201887935076
2180 1.784760602526285 1.7708775235303105
2182 1.9104482478078963 1.8298344938403677
2184 2.0484704477270395 1.8852905991489184
2186 2.19991665923775 1.935731015778784
2188 2.365845036808821 1.9792631797167193
2190 2.547209203395935 2.013548884305753
2192 2.744752200294198 2.035737344633851
2194 2.9588589384493624 2.042409038766526
2196 3.1893593162310823 2.0295462853816515
2198 3.435277981905126 1.9925543979232576
2200 3.6945355002733513 1.9263659517128886
2202 3.963621636137065 1.8256677097137708
2204 4.237285939511694 1.6852902083483254
2206 4.508322174323591 1.5007864821727084
2208 4.767553727832776 1.2691905327124824
2210 5.004140897992866 0.9898834811230318
2212 5.206305109519679 0.6654136878239258
2214 5.362480430974651 0.30204440604078786
2216 5.462762594374513 -0.0902150030111977
2218 5.500373141468 -0.4982572328891259
2220 5.4727686515268 -0.9071841983229643
2222 5.382072577929092 -1.3020288986580353
2224 5.234696712257712 -1.6694903639658103
2226 5.04027173771605 -1.9992756607796394
2228 4.8102013690335585 -2.284793678069338
2230 4.556209982037236 -2.523167958787869
2232 4.28917210633762 -2.714722548346813
2234 4.018361911642408 -2.862181292148961
2236 3.7511195664711385 -2.9698081275196935
2238 3.492843913857466 -3.0426457033681675
2240 3.2471922854663307 -3.0859284673329856
2242 3.0163801030602624 -3.104682938303174
2244 2.8015025520510783 -3.1034908564425847
2246 2.6028317294797643 -3.0863763397319586
2248 2.4200672970711405 -3.0567778958816487
2250 2.2525349253712963 -3.017572716619928
2252 2.099335901931933 -2.971129174140048
2254 1.9594553381665913 -2.9193712582156426
2256 1.831837430217372 -2.86384485496706
2258 1.7154356641471906 -2.8057801714402784
2260 1.6092446282620294 -2.7461475293067075
2262 1.5123187237982174 -2.6857055592732095
2264 1.4237818027463276 -2.6250418674775653
2266 1.3428307058423792 -2.5646067845111298
2268 1.2687348404514895 -2.504741038949942
2270 1.2008333052722493 -2.445698249705488
2272 1.1385306015052323 -2.3876630879836895
2274 1.0812916324129045 -2.330765870877564
2276 1.0286364534027774 -2.2750942441846465
2278 0.9801350671620301 -2.2207025081416547
2280 0.9354024429975561 -2.167619044480742
2282 0.8940938613840181 -2.1158522198352063
2284 0.8559006327732475 -2.065395069731288
2286 0.8205462059977423 -2.0162290084914116
2288 0.7877826604185492 -1.9683267620317106
2290 0.7573875633024348 -1.9216546812499686
2292 0.7291611669563421 -1.8761745620029895
2294 0.7029239169396493 -1.8318450722162893
2296 0.6785142418794027 -1.7886228663008572
2298 0.6557865961087357 -1.7464634507866443
2300 0.63460972792406 -1.7053218521170221
2302 0.6148651482958565 -1.6651531272185518
2304 0.5964457771083876 -1.625912749233867
2306 0.5792547462721719 -1.5875568942522456
2308 0.5632043412485248 -1.5500426496540545
2310 0.5482150645851614 -1.5133281605212359
2312 0.5342148069580802 -1.4773727272481434
2314 0.5211381129344643 -1.442136864835434
2316 0.5089255302147873 -1.4075823322328977
2318 0.49752303248770996 -1.3736721384033175
2320 0.4868815072495786 -1.3403705304244475
2322 0.4769563010155133 -1.3076429678607076
2324 0.46770681529417135 -1.2754560867660842
2326 0.45909614752919664 -1.2437776559832507
2328 0.45109077193713215 -1.2125765278423453
2330 0.44366025580993096 -1.181822584915638
2332 0.4367770074085428 -1.1514866841232607
2334 0.4304160520630405 -1.1215405991952196
2336 0.4245548335247291 -1.0919569622643215
2338 0.41917303799202993 -1.0627092051784537
2340 0.4142524385636896 -1.0337715009701862
2342 0.4097767581657289 -1.0051187058070434
2344 0.4057315492563632 -0.9767263016459259
2346 0.4021040888435523 -0.948570339745292
2348 0.39888328755390845 -0.9206273851259936
2350 0.3960596116754106 -0.8928744620278878
2352 0.3936250172617738 -0.8652890003723999
2354 0.39157289553679175 -0.8378487832158587
2356 0.3898980289746998 -0.8105318951578824
2358 0.38859655756030853 -0.7833166716566614
2360 0.38766595485249616 -0.7561816491950372
2362 0.38710501358784816 -0.7291055162383311
2364 0.3869138406706751 -0.702067064926318
2366 0.38709386150220004 -0.6750451434479865
2368 0.38764783370759287 -0.6480186090572764
2370 0.38857987042606157 -0.6209662817039823
2372 0.3898954734382349 -0.5938668982724556
2374 0.39160157651820715 -0.566699067448398
2376 0.39370659951663534 -0.5394412252642855
2378 0.3962205138080128 -0.512071591415759
2380 0.3991549198715137 -0.48456812649039394
2382 0.40252313792330346 -0.45690849031042746
2384 0.4063403126801597 -0.429070001666582
2386 0.41062353351346104 -0.401029599810223
2388 0.4153919714506876 -0.37276380818242155
2390 0.42066703470246386 -0.3442487009949963
2392 0.42647254463923745 -0.31545987344340887
2394 0.4328349344177416 -0.28637241653546197
2396 0.4397834727658781 -0.25696089776714
2398 0.4473505157808985 -0.2271993491812887
2400 0.4555717899836834 -0.1970612647165614
2402 0.46448671030551114 -0.16651960921029324
2404 0.4741387371683419 -0.13554684197833836
2406 0.4845757773576575 -0.10411495858203455
2408 0.49585063398359164 -0.07219555523481358
2410 0.5080215114800442 -0.03975992133976831
2412 0.521152582304858 -0.006779166923746715
2414 0.535314622769871 0.02677560669559073
2416 0.5505857262376767 0.06093308273920767
2418 0.5670521027529033 0.09572143863989134
2420 0.5848089749975697 0.13116797396898408
2422 0.6039615812205281 0.1672986374097542
2424 0.6246262964147727 0.20413742910958518
2426 0.646931883387831 0.24170564925787244
2428 0.6710208853216132 0.2800209569831047
2430 0.6970511707092034 0.31909619537825507
2432 0.7251976398435087 0.3589379283173678
2434 0.75565409882657 0.39954462234314514
2436 0.7886353016917039 0.4409043918759287
2438 0.824379152730078 0.4829922078659988
2440 0.8631490481740169 0.5257664483475438
2442 0.9052363172162047 0.5691646437963209
2444 0.9509626944829783 0.6130982405669253
2446 1.00068271625182 0.6574461722179452
2448 1.0547858765509923 0.7020469921561646
2450 1.113698301147229 0.7466892839035206
2452 1.1778835901452578 0.7911000315749843
2454 1.2478423347274368 0.8349306101883223
2456 1.324109620350795 0.8777400554236305
2458 1.4072495768940512 0.9189753148534084
2460 1.497845716840945 0.9579482972928222
2462 1.596485412349024 0.9938097677104083
2464 1.7037364110026159 1.0255205440550526
2466 1.8201128139968195 1.051821121874594
2468 1.9460275205942288 1.0712018837913904
2470 2.0817279329041702 1.0818775511286651
2472 2.227211975978843 1.081771585826119
2474 2.3821226184199378 1.0685188426499532
2476 2.5456216207286966 1.0394976910404021
2478 2.7162478164061565 0.991905490305433
2480 2.8917723493453087 0.9228925704021932
2482 3.069072923446633 0.829767926149507
2484 3.2440600606813264 0.710282337630945
2486 3.4116975027256937 0.5629794482245793
2488 3.566160905500363 0.3875820526049036
2490 3.7011672738756105 0.1853529012042044
2492 3.810477295948183 -0.04065440691610255
2494 3.8885254547651513 -0.28554503956093946
2496 3.9310805658863517 -0.5427997921514619
2498 3.93580362058091 -0.8047693312523934
2500 3.9025722177601545 -1.0633806517567506
2502 3.8334895988481157 -1.3109251127433321
2504 3.7325770459145833 -1.5407710832937458
2506 3.6052293798459147 -1.7478695356692462
2508 3.45756268830172 -1.928985556569719
2510 3.295786791203186 -2.0826636133756145
2512 3.1257002330108254 -2.208991089331474
2514 2.9523541967105578 -2.3092490174317244
2516 2.7798848663114604 -2.3855335969219893
2518 2.6114834381390755 -2.440409155412291
2520 2.4494609163393126 -2.476625867912753
2522 2.295366346796991 -2.4969125615939576
2524 2.150125817201861 -2.503839789754433
2526 2.0141801457533743 -2.499740732571423
2528 1.8876086083949957 -2.4866753361953897
2530 1.7702330864172517 -2.466424167097077
2532 1.6617015880379726 -2.4405009550525643
2534 1.5615526781216285 -2.4101755965680605
2536 1.4692635366350613 -2.3765019053148193
2538 1.3842846848394974 -2.3403464042747655
2540 1.3060642586922653 -2.302415935741564
2542 1.2340643290836337 -2.263282892722654
2544 1.167771322370334 -2.2234075493943286
2546 1.1067021647226305 -2.183157385679303
2548 1.0504073977693396 -2.14282354150502
2550 0.9984722026813672 -2.1026346602971384
2552 0.9505160234394272 -2.0627684319747073
2554 0.9061912897706138 -2.0233611526964723
2556 0.8651815963839102 -1.984515601314872
2558 0.8271995881779526 -1.946307503259793
2560 0.7919847226993572 -1.9087908189248661
2562 0.7593010243898992 -1.8720020599004032
2564 0.728934904603532 -1.8359638049268434
2566 0.7006930927476427 -1.8006875593022766
2568 0.6744007039854644 -1.766176077011544
2570 0.6498994553155782 -1.7324252439770416
2572 0.6270460327355353 -1.6994256032777764
2574 0.6057106062840216 -1.667163588554541
2576 0.5857754860951027 -1.6356225197248861
2578 0.5671339104931362 -1.604783405177284
2580 0.5496889561202211 -1.574625586458812
2582 0.5333525597613566 -1.5451272548005806
2584 0.5180446416753755 -1.5162658633895942
2586 0.5036923206682774 -1.4880184548606474
2588 0.49022921174822925 -1.4603619198761342
2590 0.4775947978887633 -1.4332731997234864
2592 0.4657338681475953 -1.4067294434708593
2594 0.45459601510407543 -1.3807081282758582
2596 0.444135185267686 -1.3551871498580774
2598 0.43430927675795006 -1.3301448888555034
2600 0.42507977915736445 -1.3055602577334944
2602 0.4164114509885231 -1.2814127320555158
2604 0.4082720307666704 -1.2576823692265513
2606 0.4006319780291769 -1.2343498172463707
2608 0.3934642411478755 -1.211396315542844
2610 0.3867440490925263 -1.188803689574515
2612 0.38044872463578966 -1.166554340577238
2614 0.37455751677763943 -1.144631231575605
2616 0.3690514504226598 -1.1230178705693574
2618 0.3639131915703293 -1.1016982916351057
2620 0.3591269264800809 -1.080657034542459
2622 0.3546782534516877 -1.0598791233704585
2624 0.3505540860208287 -1.0393500445163497
2626 0.3467425665108091 -1.019055724412956
2628 0.343232989007937 -0.9989825072103098
2630 0.34001573093987586 -0.9791171326261088
2632 0.33708219253744237 -0.9594467141316707
2634 0.33442474355008067 -0.9399587176074334
2636 0.332036676666761 -0.9206409405784515
2638 0.3299121671668856 -0.9014814921214239
2640 0.32804623839285363 -0.8824687735220424
2642 0.3264347326960012 -0.8635914597517975
2644 0.3250742875637271 -0.8448384818291872
2646 0.32396231668677294 -0.8261990101285078
2648 0.32309699577342166 -0.8076624387011264
2650 0.3224772529623756 -0.7892183706800389
2652 0.322102763728304 -0.7708566048460428
2654 0.3219739502146724 -0.7525671234458687
2656 0.32209198496730196 -0.7343400813672677
2658 0.32245879908023234 -0.7161657967948849
2660 0.32307709480234265 -0.6980347434925142
2662 0.32395036269009525 -0.6799375448851507
2664 0.32508290342822616 -0.6618649701450209
2666 0.32647985447683175 -0.64380793252426
2668 0.32814722173984845 -0.6257574902198714
2670 0.33009191648728603 -0.6077048501090225
2672 0.3323217978002851 -0.5896413747517898
2674 0.3348457208457463 -0.5715585931299443
2676 0.3376735913240823 -0.5534482156710476
2678 0.3408164264701269 -0.5353021542037544
2680 0.3442864230221851 -0.5171125476012565
2682 0.3480970326065905 -0.4988717940001028
2684 0.3522630450139503 -0.4805725906335369
2686 0.3568006798655991 -0.462207982495681
2688 0.36172768718343834 -0.4437714212587201
2690 0.3670634573779998 -0.4252568361064269
2692 0.3728291411554393 -0.4066587184266833
2694 0.37904777980658744 -0.3879722226311766
2696 0.38574444627389703 -0.3691932857477816
2698 0.3929463972830684 -0.3503187688692471
2700 0.4006832366647487 -0.3313466240464736
2702 0.40898708975865283 -0.3122760907973356
2704 0.4178927884688233 -0.29310792706951605
2706 0.42743806609565804 -0.27384468025799563
2708 0.4376637604751489 -0.25449100474081704
2710 0.44861402316443555 -0.235054033368543
2712 0.46033653137187197 -0.21554381142049805
2714 0.4728826979731987 -0.19597380272463757
2716 0.4863078731992791 -0.1763614789076865
2718 0.5006715293263473 -0.15672900407019705
2720 0.5160374168237728 -0.13710402851514297
2722 0.5324736767732278 -0.11752060641194254
2724 0.5500528897991734 -0.09802025332336119
2726 0.5688520360506585 -0.07865316016831315
2728 0.588952333743021 -0.05947958016354293
2730 0.6104389151883503 -0.040571404193824614
2732 0.6334002889204343 -0.02201393736903706
2734 0.6579275243083307 -0.003907884510960978
2736 0.6841130809235879 0.01362845597765652
2738 0.7120491890573536 0.03045680321388056
2740 0.7418256706920983 0.04641634211167704
2742 0.7735270729733376 0.061321067805629924
2744 0.8072289706356651 0.07495712197563098
2746 0.8429932828811073 0.08708026585011619
2748 0.8808624483414215 0.09741369792272782
2750 0.9208523153502317 0.10564650311201342
2752 0.9629436423958909 0.11143311371398888
2754 1.0070721761763581 0.11439426745319652
2756 1.0531173947689507 0.11412005573265302
2758 1.1008901839643905 0.1101757502004107
2760 1.150119965965315 0.102111153048657
2762 1.2004421238648606 0.0894742003625518
2764 1.2513869500670671 0.07182941268177914
2766 1.3023717557718124 0.04878148195601077
2768 1.3526981432751355 0.020003764486751674
2770 1.4015566583999854 -0.014729304814801655
2772 1.448040972423173 -0.05550782057189233
2774 1.4911732507995923 -0.10225303917126538
2776 1.529941347129281 -0.15468899653757423
2778 1.5633469105357563 -0.21232365794870509
2780 1.5904615645543558 -0.2744440537960487
2782 1.6104863398176594 -0.3401288520345915
2784 1.6228079988410729 -0.4082798583589073
2786 1.627045281380653 -0.477671249862046
2788 1.623078774807786 -0.547012450136149
2790 1.6110601111865797 -0.6150181248028574
2792 1.5913991590436827 -0.680477454268684
2794 1.5647311504279895 -0.7423149913436984
2796 1.5318684989611653 -0.7996369901553243
2798 1.4937438114974122 -0.8517596612542055
2800 1.451351003101842 -0.8982187012047774
2802 1.4056906031592116 -0.9387620049150638
2804 1.3577236850872276 -0.9733292383449426
2806 1.3083368698838465 -1.002022759309042
2808 1.2583189957743992 -1.0250743172321053
2810 1.2083486071191598 -1.0428112926277828
2812 1.1589905107342413 -1.0556252541485573
2814 1.110699248157885 -1.0639445752625756
2816 1.063827325405607 -1.068211940331054
2818 1.0186362875673411 -1.0688668690848715
2820 0.9753090965598207 -1.0663329172087064
2822 0.9339626702997817 -1.0610089430302998
2824 0.894659809685364 -1.0532637201357364
2826 0.8574200453553446 -1.0434331737752065
2828 0.8222291701726421 -1.0318195821308371
2830 0.7890473898268047 -1.0186921789367351
2832 0.7578161334994234 -1.0042886989343927
2834 0.7284636318123745 -0.9888175083034246
2836 0.7009094023359776 -0.9724600511546336
2838 0.6750677939717818 -0.9553734174820119
2840 0.6508507385247878 -0.9376928974484035
2842 0.62816984661687 -0.9195344328389428
2844 0.6069379698572622 -0.9009969109308833
2846 0.5870703345705757 -0.8821642710307747
2848 0.5684853360576633 -0.8631074115291802
2850 0.551105067269821 -0.8438858972646167
2852 0.5348556423698663 -0.8245494747190852
2854 0.5196673640816305 -0.8051394072394156
2856 0.5054747739513753 -0.7856896449846392
2858 0.49221661651825926 -0.7662278453120837
2860 0.47983574172820503 -0.7467762593364403
2862 0.46827896451920203 -0.7273524997831747
2864 0.45749689616470907 -0.7079702042733702
2866 0.4474437584991254 -0.6886396069944267
2868 0.43807718941193496 -0.6693680304543808
2870 0.4293580458457969 -0.650160307764349
2872 0.42125020885613657 -0.6310191446944343
2874 0.413720393989354 -0.6119454296304421
2876 0.4067379692376772 -0.592938498537336
2878 0.40027478206655454 -0.5739963611169846
2880 0.3943049964348616 -0.5551158935269785
2882 0.3888049402996207 -0.5362930023054755
2884 0.3837529637807207 -0.5175227635108314
2886 0.3791293079344538 -0.49879954053174563
2888 0.3749159839249688 -0.4801170835414469
2890 0.3710966622754587 -0.4614686131522471
2892 0.3676565718133641 -0.44284689046649595
2894 0.36458240788618623 -0.42424427540915083
2896 0.3618622494092255 -0.40565277495917024
2898 0.3594854843083317 -0.38706408266816456
2900 0.35744274293441786 -0.3684696106560255
2902 0.355725839049343 -0.3498605151055779
2904 0.3543277180119717 -0.3312277161325375
2906 0.3532424118267389 -0.31256191278385725
2908 0.35246500075396625 -0.29385359381156234
2910 0.35199158122005486 -0.27509304477980184
2912 0.3518192398060603 -0.25627035198588927
2914 0.35194603313458317 -0.23737540361233703
2916 0.3523709735173786 -0.21839788847210767
2918 0.353094020268899 -0.1993272926650981
2920 0.3541160766350746 -0.18015289442625668
2922 0.35543899233120235 -0.16086375741711534
2924 0.3570655717291859 -0.14144872268865757
2926 0.3589995877813833 -0.1218963995281022
2928 0.36124580181814386 -0.10219515539054354
2930 0.3638099894075005 -0.082333105112339
2932 0.3666989725199609 -0.0622980996040194
2934 0.36992065829934084 -0.04207771422747434
2936 0.3734840848016979 -0.021659237076580462
2938 0.3773994741315781 -0.0010296573996532578
2940 0.3816782934754456 0.019824345568481776
2942 0.3863333246103997 0.04091641306047244
2944 0.39137874255075056 0.06226051616582069
2946 0.39683020408718717 0.08387096374609183
2948 0.4027049470748209 0.10576240839516084
2950 0.40902190143716005 0.12794984987669172
2952 0.4158018129751028 0.150448635364759
2954 0.4230673812038956 0.17327445568658442
2956 0.4308434125880056 0.19644333661200986
2958 0.4391569907050144 0.21997162405022544
2960 0.4480376650456491 0.24387596179191623
2962 0.45751766034917757 0.2681732601688173
2964 0.4676321085814519 0.2928806536833183
2966 0.47841930588726755 0.3180154452771996
2968 0.4899209970879387 0.3435950344489488
2970 0.5021826905482183 0.36963682587695296
2972 0.5152540064991166 0.3961581145441124
2974 0.5291890621703217 0.4231759425644136
2976 0.5440468973484099 0.45070692195830564
2978 0.5598919442229515 0.47876701647921605
2980 0.5767945455925356 0.5073712742205225
2982 0.5948315256525658 0.5365335010855456
2984 0.6140868176382615 0.566265863230366
2986 0.6346521525015599 0.5965784042272783
2988 0.6566278124909504 0.6274784598757696
2990 0.6801234528851233 0.6589699502213713
2992 0.70525899408155 0.6910525243427769
2994 0.7321655845885989 0.7237205287252683
2996 0.760986632995699 0.7569617644531468
2998 0.7918789033947015 0.7907559919061731
3000 0.82501366361297 0.825073134047945
