20 6.165378631543335 -33.84261049989024
22 5.362252257063406 -31.041423886644946
24 4.720135529167762 -28.673462696348178
26 4.197102352963418 -26.64475973728458
28 3.764315175200748 -24.88677026166546
30 3.401347413704036 -23.348306593483464
32 3.093363498168707 -21.990361701746128
34 2.829353466802495 -20.782682651305365
36 2.6009913463991974 -19.70144043625669
38 2.4018758395792776 -18.72760742021929
40 2.2270126850449956 -17.84580357863886
42 2.0724540015525257 -17.043460638766515
44 1.9350420894838631 -16.31020631585042
46 1.8122242475652452 -15.637403805748308
48 1.7019168082185072 -15.017802658862546
50 1.6024038833503473 -14.445270791617583
52 1.5122609782686511 -13.914586433999073
54 1.4302966804367945 -13.421274920316439
56 1.355507659769461 -12.961479426467605
58 1.2870435919741916 -12.531857683979077
60 1.224179562186544 -12.129498771703975
62 1.166294166178094 -11.751855570157801
64 1.1128519932221865 -11.396689540062807
66 1.063389508947319 -11.062025276486809
68 1.017503598598591 -10.74611287548276
70 0.9748422083606967 -10.447396588432184
72 0.9350966534517037 -10.164488570467526
74 0.8979952595186911 -9.896146781659743
76 0.8632980775328273 -9.641256293478992
78 0.8307924683124064 -9.39881340308298
80 0.8002893956105159 -9.167912074934664
82 0.7716202997013606 -8.947732321055737
84 0.7446344490205338 -8.737530203737483
86 0.719196687436326 -8.53662920217389
88 0.6951855104755508 -8.344412730537881
90 0.6724914162842006 -8.160317632074532
92 0.6510154870164734 -7.983828503680814
94 0.6306681642726344 -7.814472729761214
96 0.6113681885840191 -7.651816123953977
98 0.5930416780935512 -7.495459093579113
100 0.5756213257642614 -7.345033255033648
102 0.5590456978580508 -7.200198439407966
104 0.543258619221913 -7.060640036780044
106 0.5282086332152595 -6.9260666352833615
108 0.513848526010997 -6.7962079174341925
110 0.500134906572617 -6.670812781566901
112 0.48702783492090346 -6.5496476607459595
114 0.47449049239335145 -6.432495015325137
116 0.462488888514831 -6.319151978567156
118 0.45099159986706 -6.209429137476532
120 0.4399695369918163 -6.103149433340206
122 0.42939573591065405 -6.000147168473646
124 0.41924517130903927 -5.9002671073781885
126 0.4094945888271908 -5.803363661998562
128 0.40012235423749387 -5.7093001520306705
130 0.39110831757582215 -5.617948132328867
132 0.3824336905413341 -5.529186780411322
134 0.3740809356915017 -5.442902337885099
136 0.36603366614180965 -5.358987600329431
138 0.3582765546369572 -5.277341450794965
140 0.3507952509979482 -5.197868432628526
142 0.34357630706636433 -5.120478357805057
144 0.33660710837135777 -5.045085947366894
146 0.32987581183372205 -4.971610500939287
148 0.32337128889966893 -4.899975592611543
150 0.3170830735655843 -4.830108790761897
152 0.31100131481429133 -4.761941399651265
154 0.30511673303661385 -4.695408220838191
156 0.2994205800576664 -4.6304473326589415
158 0.2939046024279014 -4.566999886199326
160 0.2885610076753443 -4.505009916332261
162 0.2833824332464338 -4.4444241665398385
164 0.2783619178915418 -4.385191926358736
166 0.2734928752755227 -4.327264880399472
168 0.2687690696162388 -4.270596967989441
170 0.2641845931731013 -4.215144252575186
172 0.25973384542552064 -4.160864800102535
174 0.2554115137966007 -4.107718565660067
176 0.2512125557909282 -4.05566728773829
178 0.2471321824285837 -4.00467438951523
180 0.243165842867554 -3.954704886625905
182 0.23930921011753675 -3.9057253009260795
184 0.2355581677566983 -3.8577035798007757
186 0.23190879757086952 -3.8106090206017393
188 0.2283573680422471 -3.7644121998424156
190 0.22490032362069481 -3.7190849067990164
192 0.22153427471728604 -3.674600081205444
194 0.21825598836407265 -3.6309317547454705
196 0.2150623794898651 -3.5880549960794617
198 0.2119505027653863 -3.5459458591540867
200 0.2089175449754214 -3.5045813345716073
202 0.20596081787906803 -3.4639393038075688
204 0.2030777515224773 -3.423998496084031
206 0.20026588797117317 -3.3847384477210074
208 0.197522875432034 -3.346139463800528
210 0.19484646273718045 -3.308182581988465
212 0.19223449416436114 -3.27084953838122
214 0.18968490457038645 -3.234122735236187
216 0.1871957148159245 -3.197985210472545
218 0.18476502746178758 -3.1624206088270106
220 0.18239102271840327 -3.1274131545625545
222 0.18007195463125739 -3.092947625629518
224 0.17780614748676055 -3.0590093291933673
226 0.17559199242390594 -3.025584078443789
228 0.17342794423836522 -2.9926581706069375
230 0.17131251836641617 -2.960218366087891
232 0.16924428803723154 -2.928251868679028
234 0.16722188158273368 -2.8967463067661265
236 0.16524397989517656 -2.865689715478622
238 0.16330931402308366 -2.835070519726349
240 0.16141666289694034 -2.804877518071658
242 0.15956485117681768 -2.775099867389996
244 0.15775274721422605 -2.745727068273531
246 0.15597926112145213 -2.716748951136932
248 0.15424334294198047 -2.688155662984258
250 0.15254398091565907 -2.6599376548016624
252 0.15088019983341405 -2.6320856695426476
254 0.1492510594759149 -2.6045907306683658
256 0.1476556531315853 -2.577444131222221
258 0.1460931061890994 -2.5506374233978444
260 0.14456257480036372 -2.5241624085865184
262 0.14306324460981876 -2.4980111278687813
264 0.14159432954628623 -2.472175852932738
266 0.14015507067407704 -2.4466490773946363
268 0.13874473509977403 -2.421423508500856
270 0.1373626149318982 -2.396492059192149
272 0.13600802629038686 -2.37184784051156
274 0.13468030836319778 -2.34748415433774
276 0.1333788225076618 -2.3233944864297618
278 0.13210295139391373 -2.299572499763889
280 0.1308520981884808 -2.276012028151564
282 0.12962568577567432 -2.2527070701220384
284 0.12842315601489365 -2.229651783059285
286 0.12724396903201754 -2.206840477576866
288 0.12608760254312773 -2.184267612124417
290 0.12495355120877762 -2.1619277878103405
292 0.12384132601748765 -2.1398157434309693
294 0.12275045369678726 -2.117926350699934
296 0.121680476150525 -2.0962546096626724
298 0.1206309499211955 -2.074795644292697
300 0.1196014456759094 -2.0535446982576238
302 0.1185915477150198 -2.032497130848012
304 0.11760085350212726 -2.011648413063292
306 0.11662897321467885 -1.9909941238436748
308 0.11567552931386996 -1.9705299464460664
310 0.11474015613325804 -1.9502516649537383
312 0.11382249948494158 -1.9301551609152434
314 0.11292221628268898 -1.910236410107218
316 0.11203897418110625 -1.8904914794143484
318 0.11117245123016677 -1.870916523822424
320 0.11032233554438953 -1.8515077835182074
322 0.10948832498604627 -1.8322615810931129
324 0.1086701268616845 -1.8131743188437648
326 0.10786745763151818 -1.79424247616886
328 0.10708004263093572 -1.775462607053012
330 0.10630761580381978 -1.7568313376391225
332 0.10554991944697366 -1.7383453638819226
334 0.10480670396528803 -1.720001449280458
336 0.10407772763724077 -1.7017964226853923
338 0.10336275639012997 -1.683727176179917
340 0.10266156358485433 -1.6657906630281492
342 0.1019739298096664 -1.6479838956904787
344 0.10129964268267072 -1.6303039439024953
346 0.10063849666265375 -1.6127479328139425
348 0.09999029286792198 -1.5953130411856313
350 0.09935483890286079 -1.5779964996429219
352 0.09873194869194848 -1.5607955889813
354 0.09812144232085278 -1.5437076385242243
356 0.09752314588440443 -1.5267300245285862
358 0.09693689134130203 -1.5098601686373383
360 0.096362516375049 -1.4930955363777934
362 0.09579986426119079 -1.4764336357014705
364 0.09524878374044285 -1.4598720155663683
366 0.09470912889758631 -1.4434082645570143
368 0.09418075904592811 -1.4270400095442277
370 0.09366353861716445 -1.4107649143783014
372 0.09315733705643434 -1.3945806786199315
374 0.0926620287224521 -1.3784850363003405
376 0.0921774927925235 -1.3624757547162825
378 0.09170361317234328 -1.3465506332535526
380 0.09124027841045819 -1.330707502239107
382 0.09078738161713588 -1.3149442218220173
384 0.09034482038774752 -1.2992586808794027
386 0.0899124967303204 -1.2836487959479428
388 0.08949031699733591 -1.2681125101794812
390 0.08907819182159384 -1.252647792319336
392 0.08867603605601251 -1.237252635705963
394 0.08828376871744908 -1.221925057292085
396 0.0879013129342218 -1.2066630966839766
398 0.08752859589748974 -1.1914648152014975
400 0.08716554881629142 -1.1763282949537135
402 0.08681210687623561 -1.1612516379326978
404 0.08646820920177929 -1.1462329651220067
406 0.0861337988220066 -1.1312704156215645
408 0.08580882263999322 -1.116362145785061
410 0.08549323140557472 -1.1015063283710758
412 0.08518697969153352 -1.0867011517072744
414 0.08489002587327098 -1.0719448188654446
416 0.0846023321118041 -1.0572355468470298
418 0.08432386434015347 -1.0425715657797778
420 0.08405459225313444 -1.0279511181222272
422 0.08379448930046292 -1.0133724578780257
424 0.08354353268327892 -0.9988338498164713
426 0.08330170335398714 -0.9843335687017055
428 0.08306898601954642 -0.9698698985265324
430 0.08284536914811132 -0.9554411317530904
432 0.08263084497913377 -0.9410455685573693
434 0.0824254095368916 -0.9266815160783559
436 0.0822290626475318 -0.9123472876708058
438 0.08204180795966044 -0.8980412021595915
440 0.08186365296843845 -0.8837615830978103
442 0.081694609043365 -0.8695067580246294
444 0.08153469145975023 -0.855275057724095
446 0.08138391943388276 -0.8410648154851299
448 0.08124231616206125 -0.8268743663577381
450 0.08110990886350648 -0.8127020464120451
452 0.08098672882723541 -0.7985461919906909
454 0.0808728114630458 -0.7844051389612198
456 0.08076819635661867 -0.7702772219635448
458 0.08067292732891529 -0.7561607736531593
460 0.08058705249997751 -0.7420541239394487
462 0.08051062435717636 -0.7279555992179523
464 0.08044369982816416 -0.7138635215957884
466 0.08038634035855856 -0.699776208109279
468 0.08033861199454913 -0.6856919699341916
470 0.08030058547058778 -0.6716091115864593
472 0.08027233630233907 -0.6575259301122108
474 0.08025394488503478 -0.6434407142678997
476 0.08024549659741059 -0.6293517436886495
478 0.08024708191155112 -0.615257288043505
480 0.08025879650863192 -0.6011556061776336
482 0.08028074140100981 -0.5870449452399328
484 0.08031302306074714 -0.5729235397946384
486 0.08035575355487225 -0.5587896109178399
488 0.08040905068771144 -0.5446413652743843
490 0.08047303815041694 -0.5304769941781408
492 0.08054784567815719 -0.5162946726314438
494 0.08063360921516152 -0.502092558344153
496 0.08073047108806757 -0.4878687907295574
498 0.08083858018776488 -0.47362148987881453
500 0.08095809216034597 -0.45934875550894744
502 0.08108916960728141 -0.4450486658853466
504 0.08123198229550177 -0.4307192767178579
506 0.08138670737761676 -0.41635862002648993
508 0.08155352962292484 -0.40196470297775827
510 0.08173264165952508 -0.38753550668880593
512 0.08192424422826247 -0.373068984997436
514 0.08212854644884983 -0.35856306319814113
516 0.08234576609893608 -0.34401563673923446
518 0.08257612990663675 -0.3294245698820913
520 0.08281987385726557 -0.31478769431878345
522 0.08307724351481918 -0.30010280774823084
524 0.08334849435921185 -0.28536767240412936
526 0.08363389213977587 -0.2705800135386043
528 0.08393371324604629 -0.2557375178539896
530 0.08424824509661817 -0.24083783188311297
532 0.08457778654706646 -0.2258785603146527
534 0.08492264831791148 -0.2108572642603506
536 0.08528315344364852 -0.19577145946240532
538 0.08565963774398805 -0.18061861443696076
540 0.08605245031856201 -0.16539614855127185
542 0.08646195406622227 -0.150101430029852
544 0.08688852623039181 -0.13473177388830399
546 0.08733255897183965 -0.11928443978977114
548 0.08779445997045152 -0.10375662981895545
550 0.08827465305748591 -0.08814548617346545
552 0.08877357888023092 -0.07244808876283379
554 0.08929169560072277 -0.05666145271556036
556 0.08982947963052963 -0.04078252578656414
558 0.09038742640373765 -0.024808185660538006
560 0.09096605119022821 -0.008735237146451509
562 0.09156588995175 0.0074395907429586645
564 0.09218750024319664 0.023719647832735356
566 0.09283146216181522 0.04010836595430216
568 0.09349837934721966 0.056609262247861704
570 0.09418888003530759 0.07322594260581815
572 0.09490361816924307 0.08996210526478332
574 0.09564327457117955 0.10682154455332331
576 0.09640855817831413 0.12380815480554005
578 0.09720020734734501 0.14092593444619417
580 0.09801899123173714 0.15817899026231347
582 0.09886571123610305 0.1755715418637057
584 0.09974120255304747 0.19310792635109505
586 0.10064633578734435 0.2107926031964934
588 0.10158201867344847 0.22863015935212988
590 0.10254919789221724 0.24662531459831238
592 0.10354886099357938 0.2647829271456267
594 0.10458203843195019 0.2831079995037222
596 0.10564980572225112 0.301605684634377
598 0.10675328572433537 0.3202812924033397
600 0.10789365106493265 0.3391402963494528
602 0.10907212670628734 0.3581883407899738
604 0.11028999267176626 0.3774312482801309
606 0.11154858693947918 0.39687502745103376
608 0.11284930851561667 0.4165258812450037
610 0.11419362070037013 0.4363902155757689
612 0.11558305456036946 0.45647464843789626
614 0.11701921262228387 0.4767860194924419
616 0.11850377280412804 0.4973314001594934
618 0.12003849260152888 0.5181181042495794
620 0.12162521354796806 0.539153699166459
622 0.12326586596973162 0.560446017719277
624 0.12496247405765935 0.5820031705812864
626 0.126717161280107 0.6038335594389669
628 0.12853215616345823 0.6259458908762874
630 0.1304097984685834 0.6483491910390582
632 0.13235254579489428 0.671052821137947
634 0.13436298064547797 0.6940664938390848
636 0.13644381799060545 0.7174002906078892
638 0.13859791336983115 0.7410646800667471
640 0.14082827157693617 0.7650705374401868
642 0.14313805597567522 0.7894291651600515
644 0.14553059849924815 0.8141523147138569
646 0.14800941039097637 0.8392522098240286
648 0.15057819374937945 0.8647415710512278
650 0.15324085394709858 0.8906336419281042
652 0.15600151299948053 0.9169422167306779
654 0.1588645239666567 0.9436816700123638
656 0.16183448648052481 0.9708669880252633
658 0.1649162634984404 0.9985138021784054
660 0.16811499939449828 1.026638424679673
662 0.17143613951142805 1.0552578865313336
664 0.1748854513092454 1.084389978063479
666 0.17846904726001522 1.1140532921978654
668 0.18219340965539377 1.1442672706628836
670 0.18606541751034772 1.1750522533900274
672 0.1900923757675109 1.2064295313525777
674 0.19428204702817167 1.2384214031214174
676 0.19864268606185373 1.2710512354458003
678 0.20318307737501723 1.3043435281947775
680 0.20791257615064937 1.3383239840221839
682 0.21284115290740266 1.37301958315623
684 0.2179794422677358 1.4084586637547314
686 0.22333879627038922 1.4446710083065282
688 0.2289313427151498 1.481687936608535
690 0.23477004908732985 1.51954240590158
692 0.24086879267684644 1.5582691188043565
694 0.24724243758367906 1.5979046397519792
696 0.25390691938933674 1.6384875207163416
698 0.26087933837390875 1.6800584370667844
700 0.268178062272963 1.722660334519252
702 0.27582283970004196 1.7663385882218279
704 0.28383492551072254 1.8111411751358977
706 0.29223721955819687 1.85711886099645
708 0.30105442048997005 1.9043254032788086
710 0.3103131964657004 1.9528177717465305
712 0.3200423749431281 2.0026563883376878
714 0.3302731539890948 2.0539053883395586
716 0.34103933793020536 2.106632905016246
718 0.35237760057852496 2.1609113801095363
720 0.3643277797525268 2.216817902894364
722 0.3769332073865898 2.2744345807930157
724 0.39024108018956405 2.333848944887761
726 0.40430287659645503 2.395154394057863
728 0.41917482668619954 2.4584506819149263
730 0.4349184428230969 2.523844451170983
732 0.45160112007715725 2.591449820641295
734 0.46929681700438863 2.6613890306629364
736 0.48808682919547713 2.733793153401096
738 0.508060670169045 2.808802875236891
740 0.5293170767915949 2.8865693592675203
742 0.551965159518928 2.967255196821638
744 0.5761257215104056 3.051035457880363
746 0.6019327751930154 3.138098851314372
748 0.6295352903334689 3.228649006946541
750 0.6590992143346737 3.322905892570678
752 0.690809813575757 3.4211073801434724
754 0.7248743945294537 3.52351097640654
756 0.7615254755363016 3.6303957340139204
758 0.8010244950719299 3.742064359750002
760 0.8436661607873789 3.8588455363089333
762 0.8897835664790942 3.981096473150343
764 0.9397542325473025 4.109205699494686
766 0.9940072609465583 4.24359610798316
768 1.053031839968154 4.384728249742122
770 1.1173873898552529 4.533103869076616
772 1.1877157103184632 4.689269646457745
774 1.264755579483552 4.853821088618721
776 1.3493603657362738 5.027406459580792
778 1.442519355854276 5.210730579284306
780 1.5453836828924192 5.404558216696859
782 1.6592979658888531 5.609716656661974
784 1.785839063105682 5.827096801392067
786 1.926863706300463 6.057651844818796
788 2.084567242234761 6.302392080448659
790 2.2615562762117363 6.562373695571559
792 2.4609387034782397 6.838678353454668
794 2.686435426702236 7.13237880076607
796 2.9425189571198294 7.444483405367549
798 3.2345849776399747 7.7758490500832105
800 3.5691635573148455 8.127046620369551
802 3.9541765120626486 8.498155615308617
804 4.39924532458486 8.888453044907884
806 4.916047962489342 9.295945262460355
808 5.518708894332412 9.716668028510286
810 6.224177317198802 10.14364869146626
812 7.052491240950592 10.565386130985454
814 8.026718300245406 10.963667738986782
816 9.172176180325861 11.310535733042638
818 10.514229294128523 11.564306794848196
820 12.073522179425346 11.664888920857273
822 13.85705496717443 11.529497405232801
824 15.84349150784692 11.051597051319208
826 17.962665724156977 10.108543437791218
828 20.07425910770004 8.585594907494768
830 21.959772260263858 6.4212592480296
832 23.349573406724215 3.664790237770172
834 23.997372687694376 0.5127196573725504
836 23.777387451078788 -2.7179561057866763
838 22.742325045835468 -5.6861627909331265
840 21.096968658087555 -8.138002756863623
842 19.109150347183935 -9.963846732265706
844 17.02150821082333 -11.183269879522841
846 15.005859898592524 -11.89174250009531
848 13.15950858948755 -12.209024701815002
850 11.522793748381032 -12.24716861449092
852 10.100292047425965 -12.097230417461837
854 8.87760906876643 -11.827393235961052
856 7.832284801892871 -11.486126294879305
858 6.93998971279935 -11.106668257866819
860 6.1776343600055235 -10.711182107747653
862 5.524679719144063 -10.314063605807531
864 4.9634891087872814 -9.924386065027626
866 4.479216317529704 -9.547633723352932
868 4.059500510191861 -9.186901460241968
870 3.6941066030528256 -8.843713216628693
872 3.3745767285190302 -8.518575265690796
874 3.093919857695981 -8.21134791022779
876 2.8463473287247782 -7.921493898652591
878 2.627053016414957 -7.648243521789937
880 2.4320331941435 -7.3907035339503855
882 2.2579400891849364 -7.147928252241591
884 2.101963299981714 -6.9189652243881525
886 1.9617339043862423 -6.702883829425885
888 1.8352468865769898 -6.498792462580985
890 1.7207982841480007 -6.305848126495773
892 1.6169341406257292 -6.123261015965035
894 1.5224089244452272 -5.950295847514813
896 1.4361515472265367 -5.786271118192928
898 1.357237494464772 -5.630557092390554
900 1.2848658853072286 -5.482573052899238
902 1.2183405190043588 -5.341784173230546
904 1.1570541562949805 -5.207698245972428
906 1.1004754347514376 -5.079862418613341
908 1.0481379363355428 -4.957860031554803
910 0.9996310198523025 -4.841307614672623
912 0.9545921058962198 -4.729852072965984
914 0.912700161487633 -4.623168074728637
916 0.8736701791067045 -4.520955644460806
918 0.8372484828590157 -4.42293795565908
920 0.8032087250027206 -4.328859314276285
922 0.7713484606269413 -4.238483321215133
924 0.741486208103014 -4.151591201038448
926 0.7134589190044454 -4.06798028374495
928 0.6871197942547013 -3.987462626642341
930 0.66233639392616 -3.9098637638929743
932 0.6389889968352814 -3.835021572020439
934 0.6169691732426761 -3.762785240491694
936 0.5961785398669026 -3.6930143373467983
938 0.5765276712965551 -3.6255779607060292
940 0.5579351459263409 -3.560353967810765
942 0.5403267078989754 -3.4972282740267313
944 0.5236345293405021 -3.436094214980606
946 0.5077965595129287 -3.376851965653696
948 0.49275594947707185 -3.3194080108860606
950 0.4784605425050839 -3.2636746622847372
952 0.4648624218801775 -3.2095696170537527
954 0.4519175088915603 -3.157015554693189
956 0.43958520483777724 -3.105939767949542
958 0.4278280716941358 -3.056273824744728
960 0.4166115468262605 -3.0079532581521957
962 0.4059036877483673 -2.960917281778456
964 0.3956749434544273 -2.915108528172518
966 0.3858979493046339 -2.870472808117297
968 0.3765473428428886 -2.826958888873843
970 0.3675995982583718 -2.7845182896283656
972 0.3590328774995212 -2.7431050925659033
974 0.3508268963048298 -2.7026757681409865
976 0.3429628036385187 -2.6631890132468454
978 0.33542307321763315 -2.6246056011071697
980 0.3281914059919994 -2.5868882418177344
982 0.3212526425950339 -2.5500014525597727
984 0.31459268492532 -2.5139114365901816
986 0.3081984261489214 -2.4785859701897657
988 0.30205768853380144 -2.4439942968180692
990 0.29615916864181735 -2.4101070277772982
992 0.2904923895179593 -2.3768960487515365
994 0.2850476596265304 -2.3443344316239125
996 0.27981603840163005 -2.3123963510312042
998 0.2747893084004144 -2.281057005148696
1000 0.2699599541826235 -2.2502925402456357
1002 0.26532114819027636 -2.2200799785957224
1004 0.26086674407494875 -2.190397149375756
1006 0.2565912781237277 -2.1612226222444195
1008 0.2524899796802206 -2.1325356433739424
1010 0.2485587917527815 -2.104316073804891
1012 0.24479440336727085 -2.076544330137518
1014 0.24119429567334774 -2.0492013277747003
1016 0.23775680437584568 -2.0222684272109293
1018 0.23448120176891502 -1.9957273842827272
1020 0.2313678025341161 -1.9695603058884192
1022 0.22841809857284845 -1.9437496135610226
1024 0.225634929529613 -1.91827801855986
1026 0.22302269738003014 -1.89312851401596
1028 0.22058763556168912 -1.868284392429822
1030 0.2183381456420502 -1.8437293008810816
1032 0.21628521741467638 -1.8194473523142678
1034 0.21444295141943764 -1.795423320136441
1036 0.21282920573494915 -1.7716429564861447
1038 0.21146639046430607 -1.7480934938908823
1040 0.21038243152155364 -1.7247644184787705
1042 0.20961191598851506 -1.7016486442773113
1044 0.20919740662234448 -1.6787442772920482
1046 0.20919085863394837 -1.6560572400452744
1048 0.2096549619065638 -1.6336051346488996
1050 0.210664022360213 -1.6114228479677386
1052 0.2123036166212157 -1.5895705112767131
1054 0.2146676042818172 -1.5681444190329505
1056 0.21785005551786898 -1.5472911494911712
1058 0.22192824391286906 -1.5272239261618195
1060 0.22693147285642554 -1.5082373773485644
1062 0.2327906406715123 -1.490711285421482
1064 0.23926861101779065 -1.4750856655841917
1066 0.2458869971929991 -1.4617828078649855
1068 0.25189283201241147 -1.4510597312291338
1070 0.25633308869819793 -1.4428156774555378
1072 0.25828242722350114 -1.4364513280682993
1074 0.25716511528087566 -1.4309148022155573
1076 0.2529900626019545 -1.424981206368244
1078 0.24633309196193695 -1.4176284762671756
1080 0.23808487981132118 -1.4082870852134286
1082 0.2291439848364589 -1.3968586111653518
1084 0.22021558966507265 -1.3835718422189671
1086 0.2117525680899954 -1.3688050289345433
1088 0.20398923007747516 -1.3529547627953813
1090 0.19700698518155288 -1.3363674647819228
1092 0.1907956435690971 -1.3193168579650347
1094 0.18529794907342764 -1.3020061412160104
1096 0.1804375817819823 -1.284579884871179
1098 0.17613494566942514 -1.2671376676629293
1100 0.17231512501187818 -1.2497461083885542
1102 0.16891126224504543 -1.232448361560249
1104 0.16586545618568 -1.21527118514579
1106 0.16312842766511748 -1.1982300277180127
1108 0.16065865018542475 -1.1813326177198773
1110 0.1584213146059125 -1.1645814653497515
1112 0.15638731005244735 -1.1479755932474005
1114 0.15453230135943904 -1.1315117274722628
1116 0.15283593015038968 -1.1151851135647497
1118 0.15128114045292598 -1.0989900731577993
1120 0.14985361805083836 -1.0829203813433652
1122 0.14854132861720648 -1.0669695202678777
1124 0.1473341392290799 -1.0511308472647785
1126 0.14622350909702775 -1.035397703976602
1128 0.14520223719544867 -1.019763484751996
1130 0.14426425643059007 -1.0042216769704724
1132 0.14340446579453828 -0.9887658820607677
1134 0.14261859353527137 -0.9733898232901507
1136 0.14190308570723198 -0.9580873445360711
1138 0.14125501557068038 -0.9428524029526096
1140 0.14067201021014225 -0.9276790575398126
1142 0.14015219147552635 -0.9125614549902166
1144 0.1396941289436754 -0.8974938137419196
1146 0.13929680308127323 -0.8824704068567406
1148 0.13895957718366891 -0.8674855441218382
1150 0.1386821769884511 -0.8525335536196745
1152 0.13846467713226998 -0.837608762902366
1154 0.1383074938477278 -0.8227054798320431
1156 0.1382113834946036 -0.8078179730975061
1158 0.13817744669500046 -0.7929404523814771
1160 0.13820713800290338 -0.7780670481346257
1162 0.13830228119192137 -0.7631917908998584
1164 0.13846509039625263 -0.7483085901316738
1166 0.13869819749570003 -0.7334112124618305
1168 0.13900468630119883 -0.7184932593831597
1170 0.13938813427911753 -0.7035481443521386
1172 0.13985266275745725 -0.6885690693567229
1174 0.14040299679214624 -0.6735490010605625
1176 0.14104453614625426 -0.6584806467257044
1178 0.1417834391588114 -0.6433564302394125
1180 0.14262672166561732 -0.628168468745243
1182 0.1435823735964383 -0.6129085506127808
1184 0.14465949642850479 -0.5975681158027295
1186 0.14586846534593764 -0.582138240126541
1188 0.14722112076271424 -0.5666096255003958
1190 0.14873099484087887 -0.5509725991177848
1192 0.15041357980644798 -0.5352171255928141
1194 0.152286646266354 -0.5193328376714623
1196 0.15437062139143942 -0.503309093228681
1198 0.15668903877718807 -0.4871350691884494
1200 0.15926907402985563 -0.47079990701835583
1202 0.16214218261417027 -0.4542929299966829
1204 0.16534485912709238 -0.4376039600993487
1206 0.16891953967512519 -0.42072377293625884
1208 0.17291567092848678 -0.40364474377650655
1210 0.17739096977340646 -0.38636175786471
1212 0.18241289462466548 -0.36887348593685804
1214 0.18806034051648318 -0.3511841636898762
1216 0.19442555016292148 -0.33330606508264554
1218 0.20161619409002668 -0.31526292719039833
1220 0.20975750127199486 -0.29709467177618354
1222 0.21899419593964398 -0.27886387593373807
1224 0.2294917829028131 -0.2606645638177971
1226 0.2414363731604711 -0.24263399921677564
1228 0.25503168555671124 -0.22496819452461625
1230 0.27049101861412883 -0.20794168700782634
1232 0.28802079933146113 -0.19193151882094184
1234 0.3077908347181695 -0.17744385533611448
1236 0.32988499291752743 -0.16513861762504747
1238 0.35422582249686313 -0.15584210026859815
1240 0.3804699611344791 -0.15052946485332291
1242 0.4078820335784269 -0.15024991731001375
1244 0.435217209913674 -0.15596371293183836
1246 0.46067543363942 -0.16827525606412055
1248 0.4820165027750515 -0.18709617944446133
1250 0.49690604683215545 -0.21135418170830347
1252 0.5034609591490573 -0.23892804661053715
1254 0.5008060468567326 -0.26694749547828717
1256 0.48936713162776 -0.2924118583992388
1258 0.4707323596125384 -0.3128702289665575
1260 0.44716138657013627 -0.326860644646227
1262 0.42100223838813783 -0.3339726647082901
1264 0.39425573390856516 -0.33461597064634896
1266 0.368377946331878 -0.32967815283139545
1268 0.3442782876669832 -0.32022019349630126
1270 0.32242211071160054 -0.30727283570891106
1272 0.30296137389254635 -0.29173194527669205
1274 0.2858510486440279 -0.2743239271718946
1276 0.2709365669098909 -0.25561082486507064
1278 0.2580126961142339 -0.23601311497758348
1280 0.24685990682443384 -0.21583726061613326
1282 0.23726500944977488 -0.19530165087082896
1284 0.22903163264513812 -0.174558467720254
1286 0.2219845406342719 -0.1537110368352114
1288 0.21597043549161715 -0.13282710124251257
1290 0.2108569011614387 -0.11194874341380075
1292 0.2065304804899663 -0.0910996904932237
1294 0.2028944522586189 -0.07029063821613256
1296 0.19986661508450523 -0.0495231031056501
1298 0.19737723079341282 -0.028792194529126583
1300 0.19536719143102702 -0.008088599949048793
1302 0.19378642544606625 0.012600000324113994
1304 0.1925925334345564 0.03328793091026628
1306 0.19174963219543234 0.05399081697968411
1308 0.19122738172742093 0.07472509472352293
1310 0.19100016967210587 0.09550767672283858
1312 0.19104642954515808 0.11635572893667702
1314 0.1913480717541518 0.13728652807207198
1316 0.19189000925586358 0.15831737678733626
1318 0.19265976244362085 0.17946556045594966
1320 0.19364713032987513 0.20074833375464304
1322 0.1948439172508721 0.2221829286214069
1324 0.19624370617026296 0.24378657751313518
1326 0.19784167121858542 0.26557654762240746
1328 0.1996344234124057 0.28757018297497355
1330 0.2016198845842823 0.3097849522495946
1332 0.20379718545892406 0.3322385008365416
1334 0.20616658456206116 0.3549487061456149
1336 0.20872940527381947 0.3779337355399155
1338 0.21148798886095613 0.40121210654121114
1340 0.21444566176152477 0.42480274915625665
1342 0.21760671576722665 0.4487250703223771
1344 0.22097640006761377 0.47299902059159604
1346 0.22456092439556166 0.4976451632591841
1348 0.2283674727572853 0.5226847462178039
1350 0.23240422744843 0.5481397768801983
1352 0.2366804032582428 0.5740331005627451
1354 0.24120629195300072 0.6003884827734896
1356 0.2459933173123837 0.6272306958914512
1358 0.25105410117367616 0.6545856107685655
1360 0.2564025411236865 0.682480293832293
1362 0.26205390067094725 0.7109431103110361
1364 0.2680249129372625 0.7400038342572667
1366 0.2743338991311482 0.7696937660921858
1368 0.28100090331389344 0.8000458584535692
1370 0.28804784524582283 0.8310948511861072
1372 0.29549869341527923 0.8628774163787833
1374 0.30337966070964334 0.8954323144131033
1376 0.3117194256024779 0.9288005620610724
1378 0.32054938220599494 0.9630256137324937
1380 0.3299039230945098 0.9981535570415448
1382 0.33982075945226564 1.034233323923641
1384 0.3503412838590487 1.0713169185853653
1386 0.36151098192131337 1.1094596636113576
1388 0.37337990001096344 1.1487204655653351
1390 0.38600317762246555 1.189162101406057
1392 0.39944165434028645 1.2308515269733777
1394 0.4137625631693614 1.2738602086602264
1396 0.4290403240833882 1.3182644791568374
1398 0.44535745415526756 1.3641459177810955
1400 0.4628056136433805 1.4115917553582364
1402 0.48148681101921986 1.4606953028032488
1404 0.501514794265357 1.5115564013991794
1406 0.5230166610129104 1.564281891137714
1408 0.5461347264114075 1.618986091210073
1410 0.5710286952722964 1.6757912835790647
1412 0.597878194290665 1.734828186217052
1414 0.6268857313707281 1.7962363966122306
1416 0.6582801626898291 1.860164777956173
1418 0.692320764620722 1.9267717491961804
1420 0.729302027589277 1.996225424769099
1422 0.7695593130457724 2.0687035288002416
1424 0.8134755437025384 2.144392979701267
1426 0.861489131829239 2.2234890015528266
1428 0.914103391381796 2.3061935642957487
1430 0.9718977275635869 2.3927128799909716
1432 1.035540951943304 2.4832535793544865
1434 1.105807131272711 2.5780170506257014
1436 1.1835944402276162 2.6771912264845046
1438 1.2699475452008235 2.780938833519763
1440 1.366084083969397 2.889380744327075
1442 1.4734257989029391 3.002572556531553
1444 1.5936347841433385 3.120471815622674
1446 1.7286550418895565 3.242892335599512
1448 1.8807589778514253 3.369440777250092
1450 2.052597382475091 3.4994289397950014
1452 2.247249486842748 3.6317530525974853
1454 2.4682662850164077 3.7647287508793297
1456 2.719694610481177 3.8958676344706977
1458 3.0060601811982095 4.021579082134674
1460 3.3322733129250572 4.13678105748647
1462 3.70339942599729 4.234409584228867
1464 4.124206890066117 4.304835145306867
1466 4.598369786248641 4.335236915730019
1468 5.127174854555761 4.309069017258529
1470 5.707591970345206 4.205893962908357
1472 6.329679880323327 4.002056875199816
1474 6.973610068362929 3.6728698114615965
1476 7.607179782979619 3.1969833389543627
1478 8.18545356621104 2.5631045548353555
1480 8.654607746275648 1.7778664207383092
1482 8.961201794317844 0.8717288497497149
1484 9.065339420274741 -0.10127989807440364
1486 8.952678230319503 -1.072414746752575
1488 8.639151787317966 -1.9733900374626583
1490 8.16570392779636 -2.7513399404451837
1492 7.586045805837594 -3.377180039923514
1494 6.953625606741713 -3.845415557270253
1496 6.312672344204398 -4.168027210902656
1498 5.69464337174529 -4.36661848377661
1500 5.118753116483409 -4.465829731093712
1502 4.59451401087898 -4.489110729058935
1504 4.1246971840395075 -4.456642808849205
1506 3.7078849116714876 -4.384725991728448
1508 3.3403570545128516 -4.2859727449661005
1510 3.017349815525107 -4.16984847900279
1512 2.733829141974917 -4.043294008227702
1514 2.484927779147846 -3.9113020864652186
1516 2.2661659208258116 -3.7774003512518886
1518 2.0735407482887487 -3.6440338151350637
1520 1.9035411458399587 -3.5128576449916067
1522 1.7531228340157745 -3.384956464990493
1524 1.6196650410943492 -3.261006315243373
1526 1.5009208272617174 -3.1413931380097373
1528 1.3949676417400116 -3.0262988998939853
1530 1.3001613999223474 -2.9157638943110795
1532 1.2150954711103314 -2.8097316384790383
1534 1.1385649189113367 -2.7080811084295675
1536 1.0695357903892473 -2.6106497876228745
1538 1.0071189946425643 -2.5172500616973155
1540 0.9505482188640705 -2.4276807990459446
1542 0.8991613245063046 -2.3417354516543445
1544 0.8523847040820325 -2.2592076437425934
1546 0.8097201355015247 -2.1798949498770073
1548 0.77073373210162 -2.1036013716605475
1550 0.7350466456253814 -2.0301388826107405
1552 0.7023272330807736 -1.9593283096691312
1554 0.6722844454457799 -1.8909997463210488
1556 0.6446622365121953 -1.8249926388793878
1558 0.6192348242324203 -1.7611556485701967
1560 0.595802665449065 -1.6993463636712869
1562 0.5741890286057162 -1.6394309152301036
1564 0.5542370686852964 -1.5812835347374932
1566 0.5358073248598367 -1.5247860810579292
1568 0.5187755747413947 -1.4698275558263878
1570 0.5030309901843899 -1.4163036206089552
1572 0.48847454872359086 -1.3641161248230187
1574 0.4750176622752836 -1.3131726502806838
1576 0.4625809909740311 -1.2633860759636888
1578 0.45109341518813373 -1.214674165009336
1580 0.4404911430523639 -1.1669591747368397
1582 0.43071693442746006 -1.1201674897286082
1584 0.4217194251739921 -1.074229277424676
1586 0.41345253811613975 -1.029078165311956
1588 0.40587496915541715 -0.9846509385481969
1590 0.39894973874510137 -0.9408872567154357
1592 0.3926438004110723 -0.8977293883205155
1594 0.38692769925114 -0.8551219616309076
1596 0.38177527440110587 -0.8130117304390222
1598 0.3771634003554833 -0.7713473533725551
1600 0.3730717627989263 -0.7300791854110046
1602 0.3694826652642384 -0.6891590803127238
1604 0.36638086350258525 -0.6485402027117939
1606 0.36375342494605645 -0.6081768486912676
1608 0.3615896110767843 -0.5680242736938174
1610 0.35988078089880254 -0.5280385266727267
1612 0.35862031405105577 -0.4881762894313154
1614 0.3578035524088344 -0.44839472013320436
1616 0.3574277593038114 -0.40865129999888344
1618 0.3574920957572774 -0.36890368222682857
1620 0.3579976133717627 -0.3291095421990274
1622 0.3589472637690033 -0.28922642804128734
1624 0.36034592470241633 -0.2492116106179869
1626 0.36220044321493455 -0.2090219320403505
1628 0.364519696463304 -0.1686136517649972
1630 0.36731467109318916 -0.12794228934848353
1632 0.370598562331935 -0.0869624629116517
1634 0.3743868942727245 -0.045627722348690995
1636 0.3786976631637593 -0.0038903762970442643
1638 0.38355150589569265 0.03829868813928194
1640 0.38897189630955803 0.08099019393938203
1642 0.3949853724366182 0.12423667203400804
1644 0.40162179834342215 0.1680926695514741
1646 0.4089146649040454 0.21261496949964634
1648 0.41690143457599876 0.25786282292925977
1650 0.42562393613575566 0.3038981945845734
1652 0.4351288163608222 0.3507860229730041
1654 0.44546805685703117 0.3985944956653213
1656 0.45669956565906367 0.4473953404484755
1658 0.46888785492087864 0.49726413267123365
1660 0.4821048180183127 0.5482806187252643
1662 0.49643062176400704 0.6005290550267246
1664 0.5119547322708164 0.6540985610729109
1666 0.5287770963810857 0.7090834840523527
1668 0.5470095046185667 0.7655837709837294
1670 0.5667771664552195 0.8237053423214344
1672 0.5882205344749392 0.8835604581976871
1674 0.6114974209580619 0.9452680647372973
1676 0.6367854587308084 1.0089541028405435
1678 0.6642849680992375 1.0747517550480121
1680 0.6942223036217542 1.1428015969592964
1682 0.7268537687373372 1.2132516073808008
1684 0.7624702032324184 1.2862569747981576
1686 0.8014023686182896 1.361979615427014
1688 0.8440272800695124 1.4405872879315507
1690 0.8907756609238522 1.5222521491395498
1692 0.9421407269020674 1.6071485399425767
1694 0.9986885417264412 1.6954497158747028
1696 1.0610702223968345 1.787323135625276
1698 1.1300363081566625 1.8829237834369672
1700 1.2064536366896967 1.9823848152157861
1702 1.2913250844513473 2.0858045661919564
1704 1.3858125081229304 2.1932286177746074
1706 1.4912631420740703 2.3046251642932742
1708 1.6092395144506833 2.419851311510334
1710 1.7415525640137874 2.538607138179181
1712 1.8902969459182997 2.660373320402811
1714 2.0578863102160017 2.7843268326504824
1716 2.247084318833703 2.909227723403782
1718 2.461023883483742 3.0332683552797306
1720 2.7032019173827444 3.153875174985392
1722 2.977428959974423 3.2674528760689596
1724 3.287701426961704 3.3690634136174666
1726 3.637948332073127 3.4520408029873213
1728 4.0315848228540085 3.507562151304448
1730 4.470785997773792 3.5242336012293682
1732 4.9553879612806435 3.487815928909587
1734 5.481353769535744 3.381313776033224
1736 6.03885171511698 3.1857727063299834
1738 6.610232829507867 2.882214189567919
1740 7.168581158913142 2.4550637569671636
1742 7.6779370397278655 1.8970060058529636
1744 8.096426171791213 1.21431948306734
1746 8.382864482535851 0.4306535393761306
1748 8.505728342208927 -0.4132720788587422
1750 8.451406226942684 -1.2654553741535899
1752 8.228018259266324 -2.072624853226792
1754 7.862898035916036 -2.7906949259157456
1756 7.395061129801366 -3.3916217872195875
1758 6.866191572706133 -3.8648372899353522
1760 6.313471557002919 -4.214229002553915
1762 5.765750625876879 -4.453070913670545
1764 5.242756759708446 -4.599074599752137
1766 4.756206512781966 -4.670704605220575
1768 4.311683101189864 -4.68496978080164
1770 3.9105382209779895 -4.656404986963377
1772 3.5514677675608084 -4.596829026256518
1774 3.2316730849905477 -4.51552502537255
1776 2.9476487176381787 -4.419602661456977
1778 2.6956809966331376 -4.3144023610183915
1780 2.4721420317991174 -4.203871655696405
1782 2.273647785261364 -4.0908859377895
1784 2.097130362682128 -3.9775082451948087
1786 1.9398587898431994 -3.8651930878505016
1788 1.7994306276376901 -3.7549431037093464
1790 1.6737484641878948 -3.647427820170952
1792 1.560989788995594 -3.5430728572627173
1794 1.459575195002538 -3.4421265041801754
1796 1.3681376288224818 -3.344709184778665
1798 1.2854940541422566 -3.2508500846170048
1800 1.2106200920395456 -3.1605141935906484
1802 1.1426277460896925 -3.073622215752014
1804 1.0807460753408131 -2.9900651807888727
1806 1.0243045596696425 -2.909715124194905
1808 0.9727188568679397 -2.8324328524895233
1810 0.925478646702256 -2.7580735483320473
1812 0.8821372745965884 -2.6864907760227767
1814 0.8423029349959394 -2.617539303698565
1816 0.805631165237831 -2.5510770516134285
1818 0.7718184512656698 -2.4869663966004363
1820 0.7405967748833956 -2.425075003939203
1822 0.7117289576774729 -2.365276314106311
1824 0.6850046789770396 -2.307449779318854
1826 0.6602370643963278 -2.2514809205130955
1828 0.6372597578447251 -2.1972612572801014
1830 0.6159244037273176 -2.1446881497422643
1832 0.5960984777111974 -2.0936645812189028
1834 0.5776634142240175 -2.044098902945786
1836 0.5605129870529234 -1.9959045564247144
1838 0.5445519062854028 -1.9489997847233234
1840 0.5296946005853197 -1.903307340853746
1842 0.5158641586175782 -1.8587541989769214
1844 0.5029914074733415 -1.8152712723954454
1846 0.49101410933888034 -1.77279314097752
1848 0.4798762605010402 -1.7312577896714987
1850 0.4695274791826136 -1.6906063590502352
1852 0.45992247072587633 -1.6507829082972838
1854 0.45102056035716936 -1.6117341906683424
1856 0.4427852852182305 -1.5734094411922395
1858 0.4351840385875071 -1.5357601761899686
1860 0.42818776027145017 -1.4987400040675196
1862 0.4217706680519831 -1.4623044467624788
1864 0.41591002585743064 -1.4264107711804974
1866 0.41058594500168216 -1.3910178299448603
1868 0.4057812154275727 -1.3560859107851966
1870 0.40148116441115383 -1.3215765939108408
1872 0.3976735406455916 -1.2874526167451221
1874 0.394348422040636 -1.2536777454371393
1876 0.39149814595216276 -1.22021665261671
1878 0.3891172609080375 -1.1870348009133458
1880 0.3872024992281548 -1.1540983318269975
1882 0.38575277025408405 -1.121373959609447
1884 0.38476917421676815 -1.088828869902586
1886 0.38425503708237124 -1.0564306229764155
1888 0.3842159670363494 -1.0241470615250061
1890 0.38465993359773004 -0.9919462231158312
1892 0.3855973707081966 -0.9597962575494482
1894 0.3870413055198166 -0.9276653495846127
1896 0.3890075150183514 -0.8955216477240421
1898 0.3915147130745721 -0.8633332000494743
1900 0.39458477102193973 -0.8310678984598685
1902 0.3982429754242361 -0.7986934331145159
1904 0.4025183273303688 -0.7661772594463592
1906 0.4074438880272638 -0.7334865808062626
1908 0.41305717710150375 -0.700588350677962
1910 0.41940062952002627 -0.6674492994965721
1912 0.4265221194422575 -0.6340359924853662
1914 0.43447555958860495 -0.6003149266559122
1916 0.4433215862084068 -0.5662526773047595
1918 0.4531283410063262 -0.5318161070908913
1920 0.4639723627691562 -0.4969726542595135
1922 0.47593960284242404 -0.46169072096713354
1924 0.4891265799453741 -0.4259401882139805
1926 0.5036416909553189 -0.38969309089748533
1928 0.5196066950145963 -0.35292449535172865
1930 0.5371583882923 -0.31561363289053534
1932 0.5564504854646246 -0.2777453569079593
1934 0.577655720724075 -0.23931200868421004
1936 0.6009681747980544 -0.20031579900081126
1938 0.6266058234587072 -0.16077183987577368
1940 0.6548132850463558 -0.12071199411242411
1942 0.6858647163198267 -0.08018975075615886
1944 0.7200667628525189 -0.03928638245681826
1946 0.7577614057309283 0.0018813041446695369
1948 0.799328451600185 0.043151253411795494
1950 0.8451872762544866 0.08430404840235867
1952 0.8957972375511659 0.1250479165231935
1954 0.9516559024797295 0.16500034337563857
1956 1.013293864248395 0.203665817998957
1958 1.0812644377975427 0.24040937481528246
1960 1.1561259048662031 0.2744259288722344
1962 1.2384132466302105 0.3047060404490683
1964 1.328595521839502 0.3299998577971292
1966 1.4270143932506456 0.3487827792571012
1968 1.533799120587743 0.35922906195908993
1970 1.6487542287545127 0.3592033097849838
1972 1.7712189533642893 0.34628433838014494
1974 1.899903666853309 0.3178405554542472
1976 2.032718953276485 0.2711788461050127
1978 2.1666280995762532 0.20378669300415553
1980 2.2975714154834312 0.113675317230685
1982 2.420524771110086 -0.0001941949777121177
1984 2.52975406451308 -0.13745957708255727
1986 2.6192991899166045 -0.2959832132709817
1988 2.683659320347626 -0.4716856714114523
1990 2.7185679968530736 -0.6587023467299638
1992 2.721676740183056 -0.8499046410695736
1994 2.6929542707818936 -1.03771063318439
1996 2.6346781955757494 -1.2150021200711663
1998 2.551024053038723 -1.375923198803596
2000 2.4473815820926603 -1.5163841124383477
2002 2.3295910562344755 -1.6342043673956101
2004 2.2032752160056877 -1.7289424283955315
2006 2.073371107471387 -1.801527807150001
2008 1.9438851494557012 -1.8538223925269508
2010 1.8178366237268406 -1.8882084775301475
2012 1.697329388760374 -1.907257540193651
2014 1.583692048745707 -1.9134960410797386
2016 1.4776405995512194 -1.9092603466588987
2018 1.3794344339623175 -1.8966218845680602
2020 1.289010854591733 -1.8773616658163286
2022 1.2060930867537523 -1.8529760540321678
2024 1.130272524962336 -1.8247000364810715
2026 1.0610686874045836 -1.7935385391152814
2028 0.9979712200243896 -1.7602998103327014
2030 0.9404681490827516 -1.7256274306848909
2032 0.8880639904783371 -1.6900292054226849
2034 0.8402906084796768 -1.653902260842975
2036 0.7967130378026389 -1.6175542848527587
2038 0.7569319073807672 -1.5812211801102376
2040 0.7205836466566157 -1.5450815454439106
2042 0.6873393066315766 -1.5092684430740417
2044 0.6569025701753135 -1.4738788937378848
2046 0.6290073398104701 -1.4389814987595755
2048 0.6034151590092477 -1.404622534739528
2050 0.5799126307405286 -1.3708308124049702
2052 0.5583089335337177 -1.3376215410734495
2054 0.5384334923698929 -1.304999396174466
2056 0.5201338331629862 -1.2729609498447303
2058 0.5032736310533912 -1.2414965934555886
2060 0.48773095106313763 -1.2105920553774594
2062 0.4733966726483928 -1.1802295965452714
2064 0.46017308578474336 -1.1503889496749131
2066 0.44797264436839124 -1.121048054581842
2068 0.43671686217890426 -1.0921836313525417
2070 0.4263353369257419 -1.063771624586979
2072 0.41676488866001343 -1.0357875451447676
2074 0.4079487998501622 -1.0082067304283606
2076 0.3998361455524703 -0.9810045399477947
2078 0.3923812032610862 -0.9541564994983829
2080 0.38554293314326377 -0.9276384045697411
2082 0.3792845204201835 -0.9014263914453966
2084 0.3735729726260849 -0.8754969827315829
2086 0.36837876536185393 -0.8498271126824074
2088 0.3636755309536182 -0.8243941365945747
2090 0.35943978513695113 -0.7991758276710029
2092 0.35565068751710177 -0.7741503640537127
2094 0.3522898321147853 -0.7492963081674006
2096 0.34934106480061294 -0.7245925800683776
2098 0.34679032485818095 -0.7000184261342641
2100 0.3446255083021803 -0.6755533841435785
2102 0.34283635092071796 -0.6511772455644383
2104 0.3414143293160083 -0.6268700156871005
2106 0.34035257849065836 -0.6026118720905395
2108 0.3396458247721533 -0.5783831218139703
2110 0.33929033309112905 -0.5541641575156463
2112 0.33928386783337966 -0.5299354128273289
2114 0.3396256666747941 -0.5056773170594351
2116 0.3403164269864263 -0.4813702493720506
2118 0.34135830456690336 -0.45699449249876384
2120 0.34275492462390106 -0.43253018609384936
2122 0.3445114050890713 -0.40795727976874435
2124 0.34663439251422545 -0.38325548588709674
2126 0.34913211096367974 -0.3584042322029155
2128 0.35201442449099063 -0.3333826144534712
2130 0.3552929139723266 -0.30816934905601207
2132 0.35898096926462053 -0.28274272611133844
2134 0.36309389786999796 -0.25708056298605936
2136 0.36764905152108773 -0.23116015883547836
2138 0.37266597235983906 -0.204958250542135
2140 0.3781665606691868 -0.17845097068786073
2142 0.384175266438528 -0.15161380835564106
2144 0.3907193074043712 -0.12442157378159063
2146 0.3978289166151086 -0.09684836815344589
2148 0.40553762302866414 -0.06886756019848252
2150 0.41388256917167837 -0.04045177163308235
2152 0.42290487047732805 -0.011572874081344211
2154 0.43265002158364996 0.017797999266593378
2156 0.4431683556232239 0.04769042315625899
2158 0.45451556337686155 0.07813462580017659
2160 0.46675328010496325 0.10916140402382146
2162 0.47994974891404363 0.14080200000740345
2164 0.49418057066277926 0.17308792960376249
2166 0.5095295516561117 0.20605074971496418
2168 0.5260896616952041 0.2397217490829384
2170 0.5439641164164797 0.27413154294627423
2172 0.5632675991985313 0.30930954712691866
2174 0.5841276391470436 0.34528330099859134
2176 0.6066861626302916 0.3820776011455722
2178 0.6311012363014697 0.41971339797239765
2180 0.6575490191558261 0.4582063956097078
2182 0.6862259394239618 0.49756528063188893
2184 0.7173511082439861 0.5377894867000175
2186 0.7511689750076876 0.5788663795201322
2188 0.7879522174883525 0.6207677186276221
2190 0.828004841137473 0.6634452186257571
2192 0.8716654331826805 0.7068249918507442
2194 0.9193104740657294 0.7508006065588312
2196 0.9713575453828603 0.7952244398638906
2198 1.0282681817888613 0.8398969443668592
2200 1.090549983602594 0.8845533856756208
2202 1.158757423323304 0.928847552869823
2204 1.2334905258568851 0.9723319101465969
2206 1.315390259272309 1.0144336706954227
2208 1.4051290202530198 1.0544263746191567
2210 1.5033940211026031 1.0913968061213961
2212 1.6108606843849786 1.124207587793726
2214 1.7281523647672856 1.1514566781039004
2216 1.8557819539465001 1.1714364505921218
2218 1.9940704153657578 1.1820972559930403
2220 2.143037465785616 1.1810235449491546
2222 2.3022611632001446 1.1654348029603834
2224 2.470707069016202 1.132228404883608
2226 2.646535119681816 1.0780860143176687
2228 2.826904359176307 0.9996671943734844
2230 3.0078121453614455 0.8939099354614962
2232 3.1840227178775993 0.7584433156854963
2234 3.3491533973514747 0.5920887302060038
2236 3.495984085614553 0.3953837098550737
2238 3.6170247868201835 0.1710160033319802
2240 3.705310946461852 -0.07597374117129406
2242 3.7553091949885298 -0.3383481831504804
2244 3.7637402442458896 -0.607242091346577
2246 3.7301053465047627 -0.8730773141252879
2248 3.656764768991843 -1.1266382221263662
2250 3.548545415242001 -1.3600623679559438
2252 3.411993759193682 -1.5675334038545166
2254 3.2544768092424876 -1.7455696488061103
2256 3.0833378752096223 -1.892927467553832
2258 2.9052510935542224 -2.0102296148428636
2260 2.725830993002594 -2.0994606697767897
2262 2.5494796585337416 -2.1634533862060765
2264 2.3794127068623334 -2.2054464384808616
2266 2.217795001225603 -2.2287492213818734
2268 2.0659265675385265 -2.2365161748012174
2270 1.9244366111905844 -2.231614525445919
2272 1.793460803947109 -2.2165625567493175
2274 1.672790384080349 -2.1935160340589754
2276 1.5619903649489364 -2.1642843450070095
2278 1.4604890276675577 -2.130362730418442
2280 1.3676430524032737 -2.092971363502206
2282 1.2827831812381687 -2.0530954901143152
2284 1.2052449805965049 -2.0115233260571777
2286 1.134388579468708 -1.968880069184808
2288 1.0696104834359998 -1.9256574264510173
2290 1.0103498444529304 -1.8822386652750622
2292 0.9560909587670147 -1.8389195222612167
2294 0.9063632811467316 -1.7959254473655382
2296 0.8607398722316405 -1.7534257010535117
2298 0.8188349187803018 -1.711544803299466
2300 0.7803007642779722 -1.6703717860057063
2302 0.7448247421642599 -1.6299676421534601
2304 0.7121260013138618 -1.590371305635352
2306 0.6819524419127023 -1.5516044403856273
2308 0.6540778308199253 -1.513675268400763
2310 0.6282991324184093 -1.476581624172065
2312 0.6044340691055613 -1.4403133877213683
2314 0.5823189115448755 -1.4048544191928265
2316 0.5618064901500831 -1.3701840940163386
2318 0.5427644142805197 -1.3362785182035137
2320 0.52507348307964 -1.3031114876130632
2322 0.5086262709427695 -1.2706552423602195
2324 0.4933258706744813 -1.2388810573749935
2326 0.47908477809413574 -1.2077597019613695
2328 0.46582390289776904 -1.1772617946765453
2330 0.45347169181240626 -1.1473580746229413
2332 0.44196335136484954 -1.118019606059488
2334 0.4312401588585635 -1.089217929887279
2336 0.4212488513675129 -1.0609251728817797
2338 0.41194108368613647 -1.0331141233923795
2340 0.4032729472111244 -1.0057582805031584
2342 0.3952045426698189 -0.9788318822680242
2344 0.38769960045054086 -0.9523099175160131
2346 0.38072514304223076 -0.9261681248332561
2348 0.374251184755563 -0.9003829816052484
2350 0.368250464486827 -0.87493168542619
2352 0.3626982078046273 -0.8497921297141076
2354 0.35757191509642033 -0.8249428749957107
2356 0.3528511729130442 -0.8003631170206391
2358 0.34851748600254134 -0.776032652620708
2360 0.34455412783442907 -0.7519318440323691
2362 0.34094600768794875 -0.7280415822413335
2364 0.33767955261751825 -0.7043432497798501
2366 0.33474260281966467 -0.6808186833040886
2368 0.3321243191119581 -0.6574501361949866
2370 0.329815101399118 -0.6342202413600889
2372 0.3278065171473908 -0.6111119743586988
2374 0.3260912390182918 -0.5881086169314124
2376 0.32466299092864065 -0.5651937209789688
2378 0.3235165019080553 -0.5423510730095928
2380 0.3226474672189256 -0.5195646590521542
2382 0.3220525162893617 -0.4968186300154474
2384 0.3217291870877201 -0.4740972674620679
2386 0.3216759066396322 -0.4513849497553864
2388 0.3218919774558391 -0.4286661185314692
2390 0.32237756970297016 -0.4059252454444788
2392 0.32313371901005283 -0.3831467991307814
2394 0.32416232986284116 -0.36031521233817615
2396 0.32546618459585175 -0.3374148491675575
2398 0.3270489580497905 -0.3144299723787962
2400 0.32891523802067013 -0.2913447107178164
2402 0.3310705516867017 -0.2681430262299187
2404 0.3335213982614538 -0.24480868153480867
2406 0.3362752881872416 -0.2213252070517292
2408 0.33934078925248745 -0.19767586817907176
2410 0.34272758009160503 -0.1738436324536136
2412 0.3464465116071277 -0.14981113673874
2414 0.3505096769424861 -0.12556065452126436
2416 0.3549304907310749 -0.10107406343344662
2418 0.35972377845463227 -0.07633281316157822
2420 0.36490587686360537 -0.051317893957604076
2422 0.3704947465442838 -0.02600980603560028
2424 0.3765100978662128 -0.00038853021765725777
2426 0.3829735317088069 0.02556649971032379
2428 0.3899086965519321 0.05187642235033808
2430 0.39734146372323187 0.07856297102483857
2432 0.4053001228291791 0.10564849218673339
2434 0.41381559965833953 0.13315595878591233
2436 0.42292169913962746 0.16110897721056178
2438 0.432655376267533 0.18953178610094243
2440 0.4430570382736631 0.21844924494252438
2442 0.4541708817343482 0.24788680987035755
2444 0.46604526875866337 0.27787049353488946
2446 0.47873314690396596 0.308426805169933
2448 0.492292518017423 0.33958266613662585
2450 0.506786961801448 0.3713652951564837
2452 0.5222862205453012 0.40380205614981013
2454 0.5388668521450943 0.4369202600065979
2456 0.5566129592385193 0.47074690967500515
2458 0.5756170029806786 0.5053083755692499
2460 0.5959807106509211 0.5406299853846865
2462 0.6178160868484434 0.5767355088364244
2464 0.6412465384260176 0.613646513470787
2466 0.666408123405523 0.6513815623571162
2468 0.6934509337476413 0.6899552179495243
2470 0.7225406207669265 0.7293768084669886
2472 0.7538600698551917 0.769648903498103
2474 0.787611227529529 0.8107654338742866
2476 0.8240170780016834 0.8527093768294481
2478 0.8633237575798142 0.8954499107201407
2480 0.9058027820437015 0.9389389238010494
2482 0.9517533430233813 0.9831067384976824
2484 1.0015046021643486 1.0278568862896966
2486 1.0554178735452167 1.073059739076431
2488 1.1138885316295475 1.1185447718085821
2490 1.1773474091057798 1.1640912004179231
2492 1.246261350256073 1.209416712654633
2494 1.321132453742792 1.2541639941022629
2496 1.4024953657909194 1.297884758328273
2498 1.4909117624677197 1.3400210358177236
2500 1.5869608817000094 1.3798835865035657
2502 1.691224630624293 1.4166275121186107
2504 1.8042654119758395 1.4492255081291503
2506 1.9265944158180208 1.4764397771556228
2508 2.058627777531424 1.4967945066243271
2510 2.2006278340039125 1.5085520766578455
2512 2.352626923580038 1.5096978727309285
2514 2.514332082257437 1.497940724737376
2516 2.6850110090142225 1.4707384214045593
2518 2.8633632937122098 1.4253600267731958
2520 3.047386537719117 1.3589980134373156
2522 3.2342547114230182 1.2689421767727034
2524 3.4202351366946835 1.1528221226126767
2526 3.6006787604329733 1.0089140539380976
2528 3.7701221201667963 0.836489850097471
2530 3.9225335501180245 0.6361637660205467
2532 4.051716193713246 0.4101701170592202
2534 4.151845445976841 0.16249363041268072
2536 4.21807485872913 -0.10121657434963272
2538 4.2471066762603416 -0.37398223589501267
2540 4.237609113954719 -0.6480553839545755
2542 4.190384674976179 -0.9156152909112769
2544 4.1082497569860665 -1.1694752952064031
2546 3.995656472696831 -1.4036694259808975
2548 3.8581462446314894 -1.613825814495185
2550 3.7017510883969855 -1.7972938356537036
2552 3.5324484401035594 -1.9530506690983254
2554 3.355740075274291 -2.081451662605011
2556 3.1763828012377817 -2.18390112625123
2558 2.9982629335966497 -2.2625109150687557
2560 2.8243851228590704 -2.3197936057481545
2562 2.656938707207772 -2.3584148508742753
2564 2.497407284029049 -2.381011540968137
2566 2.346694699867962 -2.3900707935823453
2568 2.2052493326280307 -2.387859009644035
2570 2.0731761679198346 -2.3763886627774053
2572 1.9503318855420566 -2.3574113888360806
2574 1.8364019410987293 -2.332427969880399
2576 1.7309608096950024 -2.3027080921372565
2578 1.6335176100117597 -2.2693148389541173
2580 1.5435496564876205 -2.233130570617474
2582 1.4605264045491382 -2.1948821153383
2584 1.383925968950684 -2.155164098400078
2586 1.3132460381551574 -2.1144598445339455
2588 1.2480106511970621 -2.0731596773834156
2590 1.1877739833979066 -2.031576673689317
2592 1.1321220172384776 -1.989960058657644
2594 1.080672755932715 -1.9485064896626678
2596 1.0330754651137806 -1.907369493839863
2598 0.9890092955027222 -1.8666673187524991
2600 0.948181539109954 -1.8264894356351942
2602 0.9103256966474973 -1.786901908968024
2604 0.87519947864107 -1.7479518187140402
2606 0.842582822507692 -1.7096708949638262
2608 0.8122759788832418 -1.6720785002961773
2610 0.7840976998554811 -1.6351840734576162
2612 0.7578835472707136 -1.598989129108741
2614 0.7334843292831217 -1.5634888922808
2616 0.7107646665601769 -1.5286736325800463
2618 0.6896016851298798 -1.4945297517881726
2620 0.6698838300805935 -1.4610406690263333
2622 0.6515097927112943 -1.4281875398021004
2624 0.6343875429202438 -1.3959498387780707
2626 0.6184334583558742 -1.3643058307665932
2628 0.6035715419535914 -1.3332329500722426
2630 0.5897327198094361 -1.3027081047022506
2632 0.5768542118116585 -1.2727079190156412
2634 0.5648789679936891 -1.2432089259596917
2636 0.5537551641476613 -1.2141877180588199
2638 0.5434357508144007 -1.1856210646944083
2640 0.5338780503282174 -1.1574860018810205
2642 0.5250433971267793 -1.1297598996504221
2644 0.5168968170366375 -1.1024205112598084
2646 0.5094067417061071 -1.075446007705079
2648 0.5025447547809856 -1.0488150004180388
2650 0.49628536680570806 -1.0225065545344008
2652 0.4906058161836136 -0.99650019471587
2654 0.48548589384883145 -0.9707759051815777
2656 0.48090778959069685 -0.9453141253374645
2658 0.4768559582330589 -0.920095742177337
2660 0.47331700410696786 -0.8951020804563198
2662 0.4702795824704785 -0.8703148915033034
2664 0.46773431672437965 -0.8457163414330878
2666 0.4656737304514243 -0.8212889994429883
2668 0.464092193469691 -0.7970158268236306
2670 0.4629858812422698 -0.7728801672828023
2672 0.46235274712405905 -0.7488657391672642
2674 0.4621925070572768 -0.7249566301752258
2676 0.46250663644840684 -0.7011372951750289
2678 0.46329837907393406 -0.6773925577895495
2680 0.4645727679702737 -0.6537076164670871
2682 0.4663366583652706 -0.6300680558416619
2684 0.4685987728054169 -0.6064598642898037
2686 0.47136975872319975 -0.5828694587194291
2688 0.4746622587738868 -0.5592837177815798
2690 0.4784909943469818 -0.5356900248831089
2692 0.4828728627254239 -0.512076322600246
2694 0.4878270484197708 -0.48843118035566546
2696 0.4933751492438946 -0.46474387753108065
2698 0.49954131771491095 -0.4410045045519574
2700 0.5063524183490015 -0.41720408490561606
2702 0.513838201373928 -0.39333472155268157
2704 0.5220314932783915 -0.36938977177139565
2706 0.5309684044496366 -0.3453640551488488
2708 0.5406885538942658 -0.3212541002133785
2710 0.5512353106650021 -0.29705843610491345
2712 0.5626560510931045 -0.27277793671367434
2714 0.5750024302094183 -0.24841622590125695
2716 0.5883306647678173 -0.22398015375724403
2718 0.6027018239948783 -0.19948035534903966
2720 0.618182122487527 -0.17493190509170814
2722 0.6348432074565142 -0.15035508168471762
2724 0.6527624296316153 -0.12577626050419424
2726 0.6720230834351149 -0.10122895234504392
2728 0.6927145972951689 -0.07675500937820244
2730 0.7149326489680952 -0.052406020970671235
2732 0.738779173195141 -0.02824492337485421
2734 0.7643622196229726 -0.004347847880216943
2736 0.791795607337289 0.019193768656905398
2738 0.821198308268007 0.04227078963500913
2740 0.8526934748411784 0.06475368517561261
2742 0.8864070074245518 0.08648953331248282
2744 0.9224655344209969 0.10729872565841439
2746 0.9609936528236998 0.12697141105516216
2748 1.0021102508425643 0.14526374519019708
2750 1.045923709083134 0.16189406250720145
2752 1.0925257564682556 0.1765391523894677
2754 1.1419837474965844 0.18883090792060403
2756 1.1943311371679306 0.19835372508997537
2758 1.2495559709647923 0.2046431636371038
2760 1.3075872953213123 0.2071865344061923
2762 1.3682795480049923 0.2054262420889997
2764 1.4313952282984428 0.198766866529324
2766 1.4965864920241405 0.18658707659011464
2768 1.5633767752749983 0.16825748751029462
2770 1.6311441123460002 0.14316542833195836
2772 1.6991084333057662 0.1107472014752557
2774 1.7663257123324503 0.0705277161854679
2776 1.8316922392375665 0.022166315850735245
2778 1.8939623008519404 -0.03449378039417238
2780 1.9517819614644438 -0.09937660263819564
2782 2.0037402399320627 -0.1721308256004889
2784 2.0484367494689644 -0.2521001666007352
2786 2.0845619842907572 -0.3383135710890979
2788 2.110983387235181 -0.4295006492142418
2790 2.126827845386097 -0.5241350040658597
2792 2.1315501411877955 -0.6205040729916576
2794 2.1249777326631114 -0.7167996558229519
2796 2.1073251597117926 -0.8112194951805964
2798 2.079175861702698 -0.9020681346793697
2800 2.0414342146854745 -0.9878454258944693
2802 1.9952549403415127 -1.0673134413522065
2804 1.9419597229910326 -1.1395364949603204
2806 1.8829514599321402 -1.2038934174101694
2808 1.8196352470988602 -1.2600651370047742
2810 1.7533526058989581 -1.308003260950085
2812 1.685332396474768 -1.3478864919965936
2814 1.6166590439644364 -1.3800715206329526
2816 1.5482565729816282 -1.4050439220365027
2818 1.4808856577887815 -1.4233730380840894
2820 1.4151503835240777 -1.4356732393239322
2822 1.3515114856929278 -1.4425726011943993
2824 1.2903032667952197 -1.4446890130495176
2826 1.2317519835763426 -1.4426130805524586
2828 1.175994113318889 -1.436896830862457
2830 1.1230934569096622 -1.4280471087818454
2832 1.0730564805747969 -1.4165225828307657
2834 1.0258456293381333 -1.4027333978071852
2836 0.9813905739392805 -1.387042666568207
2838 0.9395974978487854 -1.3697691566941503
2840 0.9003566125447166 -1.3511906787613057
2842 0.8635481259183003 -1.331547813097769
2844 0.8290468957340139 -1.3110477183016707
2846 0.7967259890054348 -1.289867848297558
2848 0.7664593472112012 -1.26815946798639
2850 0.73812373202799 -1.246050903990595
2852 0.7116001002454184 -1.2236505000138442
2854 0.6867745318380384 -1.2010492689929086
2856 0.663538812898005 -1.1783232491143545
2858 0.6417907557258616 -1.1555355799911187
2860 0.6214343218939328 -1.1327383204857817
2862 0.6023796003570877 -1.1099740320627844
2864 0.5845426814129477 -1.08727715208101
2866 0.5678454581706198 -1.0646751807630206
2868 0.5522153798537717 -1.042189704178826
2870 0.5375851754311096 -1.019837273788491
2872 0.5238925614670077 -0.9976301611254228
2874 0.5110799444819695 -0.9755770042156948
2876 0.4990941253130003 -0.953683360412263
2878 0.48788601080262906 -0.931952178531696
2880 0.4774103364903331 -0.9103842015387206
2882 0.4676254027244942 -0.8889783095484926
2884 0.4584928256676395 -0.867731811599782
2886 0.44997730396686236 -0.8466406934940265
2888 0.44204640134728473 -0.8256998279794299
2890 0.4346703450178621 -0.8049031526753329
2892 0.4278218395211082 -0.7842438203660856
2894 0.42147589548521536 -0.7637143256322333
2896 0.4156096726273037 -0.7433066112158003
2898 0.410202336295396 -0.7230121570282158
2900 0.4052349268101677 -0.7028220542874262
2902 0.4006902408676221 -0.682727066912299
2904 0.3965527242825101 -0.6627176819935554
2906 0.3928083753839792 -0.6427841508976123
2908 0.38944465841613923 -0.6229165223347651
2910 0.3864504263432588 -0.6031046685318222
2912 0.3838158525101426 -0.5833383054854487
2914 0.38153237066133583 -0.5636070081340183
2916 0.37959262287703166 -0.5439002211672579
2918 0.3779904150378595 -0.5242072660935563
2920 0.3767206794852669 -0.5045173450999048
2922 0.3757794445979364 -0.4848195421693324
2924 0.37516381105849533 -0.4651028218608735
2926 0.37487193463762564 -0.44535602610968633
2928 0.37490301537597387 -0.42556786936480856
2930 0.37525729309724304 -0.405726932351795
2932 0.3759360492393905 -0.3858216547242845
2934 0.3769416150453894 -0.36584032685230927
2936 0.378277386210376 -0.3457710809872017
2938 0.37994784414000493 -0.32560188203948975
2940 0.38195858403407207 -0.30532051821196843
2942 0.3843163500725626 -0.28491459174210804
2944 0.38702907804747383 -0.2643715100266762
2946 0.39010594585409436 -0.24367847743036622
2948 0.3935574323310768 -0.22282248811697167
2950 0.3973953850195508 -0.2017903202890122
2952 0.40163309749915216 -0.18056853228205733
2954 0.40628539705372513 -0.15914346103271867
2956 0.41136874352232644 -0.1375012235297354
2958 0.41690134030320164 -0.11562772196556312
2960 0.42290325859986555 -0.09350865343767606
2962 0.4293965761306338 -0.07112952520643714
2964 0.43640553166604656 -0.04847567670565474
2966 0.4439566969132041 -0.025532309729482696
2968 0.45207916743192034 -0.002284528491036511
2970 0.46080477444480517 0.021282608425632094
2972 0.47016831959009286 0.045184021808888086
2974 0.48020783486079954 0.06943452837988413
2976 0.49096487017235363 0.0940487367326848
2978 0.5024848111986353 0.11904091854844119
2980 0.5148172303042554 0.14442485017778392
2982 0.5280162735683784 0.17021361872798005
2984 0.5421410870249049 0.19641938564719663
2986 0.5572562853132779 0.22305309942977408
2988 0.5734324659115507 0.25012414743383077
2990 0.590746771965261 0.2776399348545094
2992 0.6092835063743104 0.30560537657970843
2994 0.6291347991745236 0.33402228490184493
2996 0.6504013292490586 0.36288863280502476
2998 0.6731930998806794 0.3921976687064108
3000 0.6976302654287806 0.421936854034475
