20 3.9033609604031207 -25.55652075875052
22 3.390258650553773 -23.392259987982953
24 2.980597362142432 -21.567011159606047
26 2.6473333835589385 -20.006224631794442
28 2.3718900439520563 -18.65578319010397
30 2.1411247855416935 -17.475436458977878
32 1.9455033092997305 -16.434617475492203
34 1.777957769984505 -15.509689794967699
36 1.6331490849081174 -14.682084640783819
38 1.5069766828170716 -13.937009168619156
40 1.3962445511700607 -13.262531259977763
42 1.2984287427195027 -12.648918577577444
44 1.2115123511475827 -12.088153021387177
46 1.133866326557643 -11.573568518940986
48 1.064162040749831 -11.099577045530335
50 1.001306228259647 -10.661458753469281
52 0.9443919470911426 -10.255199349342034
54 0.8926611744818801 -9.877362746959932
56 0.8454759650530563 -9.524990372351628
58 0.8022959868871927 -9.19552082698618
60 0.7626608617874673 -8.886725259704733
62 0.7261761619781201 -8.596654973905144
64 0.6925022166306053 -8.323598647943761
66 0.6613450970926233 -8.066047170234093
68 0.6324493056767874 -7.822664551949231
70 0.6055918069874637 -7.592263725084408
72 0.5805771250974664 -7.373786293844381
74 0.5572332927881392 -7.16628550524597
76 0.5354084864095988 -6.968911856681584
78 0.5149682158315448 -6.780900875605534
80 0.49579296643267795 -6.601562697897616
82 0.4777762112348539 -6.430273143122829
84 0.4608227277128781 -6.266466041444958
86 0.44484716663358337 -6.109626611867635
88 0.42977283035857744 -5.959285727285943
90 0.41553062601531204 -5.815014930673656
92 0.40205816527830807 -5.676422089906095
94 0.38929898757042697 -5.543147597631089
96 0.3772018875666398 -5.414861037921751
98 0.3657203311708786 -5.2912582540551165
100 0.3548119468083898 -5.17205876211498
102 0.3444380810486438 -5.057003463639796
104 0.334563409358219 -4.945852617664009
106 0.3251555942455448 -4.83838403837552
108 0.31618498427041386 -4.7343914895551995
110 0.3076243483895069 -4.633683251098569
112 0.2994486409455281 -4.536080836397011
114 0.2916347933010368 -4.4414178422968265
116 0.284161528699337 -4.349538915833561
118 0.27700919742548785 -4.26029882406198
120 0.2701596297520358 -4.173561615089807
122 0.26359600450140497 -4.08919985997334
124 0.25730273135432635 -4.007093966430958
126 0.25126534528276506 -3.9271315564838374
128 0.24547041170212555 -3.8492069010903447
130 0.23990544111828827 -3.7732204056801164
132 0.23455881220405814 -3.699078141234698
134 0.22941970237326645 -3.62669141617458
136 0.22447802503762646 -3.555976384874539
138 0.21972437283075522 -3.486853689091367
140 0.21514996617262017 -3.4192481290168923
142 0.21074660662037847 -3.3530883610260402
144 0.20650663451954054 -3.288306619507461
146 0.20242289052503765 -3.224838460447826
148 0.19848868061229122 -3.162622524678989
150 0.19469774424200467 -3.1016003189210317
152 0.191044225380334 -3.041716012941178
154 0.18752264611054234 -2.9829162513119756
156 0.18412788260187252 -2.925149978406815
158 0.180855143226885 -2.8683682754015103
160 0.17769994864292105 -2.812524208158845
162 0.17465811367367845 -2.7575726849884066
164 0.17172573084524265 -2.7034703233502153
166 0.16889915544767725 -2.6501753246642625
168 0.16617499200851474 -2.5976473564513047
170 0.16355008207717367 -2.5458474410973007
172 0.16102149323243534 -2.494737850583023
174 0.15858650923600465 -2.4442820065827613
176 0.1562426212647039 -2.3944443853600594
178 0.15398752016479256 -2.3451904269431205
180 0.15181908967942542 -2.296486448084966
182 0.1497354006094065 -2.2482995585452916
184 0.1477347058752799 -2.2005975802542395
186 0.1458154364557924 -2.1533489689318857
188 0.14397619818657634 -2.1065227377692697
190 0.14221576940858038 -2.0600883827654113
192 0.14053309946496498 -2.014015809348975
194 0.13892730805103443 -1.9682752598951803
196 0.1373976854306899 -1.9228372417702546
198 0.13594369354032418 -1.8776724555180189
200 0.13456496800966633 -1.832751722814697
202 0.13326132113809483 -1.7880459137920013
204 0.13203274587525626 -1.7435258733272612
206 0.13087942086404525 -1.6991623458897087
208 0.1298017166174684 -1.654925898485697
210 0.12880020291277233 -1.610786841247823
212 0.12787565750045155 -1.5667151451766121
214 0.12702907624337886 -1.5226803564863276
216 0.12626168481753988 -1.4786515069901904
218 0.12557495212852549 -1.434597019902935
220 0.12497060562071634 -1.390484610369617
222 0.12445064868298793 -1.3462811799746928
224 0.12401738038638771 -1.3019527044078771
226 0.12367341782472986 -1.2574641133723257
228 0.12342172137076154 -1.2127791617090178
230 0.1232656232080196 -1.1678602906145112
232 0.12320885955501945 -1.1226684776740343
234 0.12325560706319014 -1.0771630742781824
236 0.12341052394625342 -1.0313016288282637
238 0.12367879648827321 -0.9850396938924296
240 0.12406619168223999 -0.9383306152736459
242 0.12457911687642469 -0.8911253006276062
244 0.12522468745104165 -0.8433719649760921
246 0.12601080372313425 -0.7950158500624284
248 0.1269462384851691 -0.7459989140523756
250 0.12804073682969866 -0.6962594875730016
252 0.1293051302106457 -0.6457318914656032
254 0.13075146704791796 -0.5943460109067557
256 0.1323931626127898 -0.5420268197326092
258 0.13424517145257572 -0.4886938477557495
260 0.1363241862471126 -0.4342605827331513
262 0.13864886775990676 -0.37863379719246876
264 0.14124011149403076 -0.3217127886650687
266 0.14412135782460633 -0.26338851984903383
268 0.1473189538128368 -0.20354264281596002
270 0.1508625766891038 -0.14204638844940978
272 0.15478573120581324 -0.07875929877665364
274 0.15912633583777172 -0.013527775571940138
276 0.16392741629875587 0.05381658662909892
278 0.16923792925706785 0.12345892137204442
280 0.1751137447496207 0.19560331111395346
282 0.18161882297556312 0.2704753639353335
284 0.18882663039290373 0.34832521408828016
286 0.19682185200841543 0.4294310294173344
288 0.20570247235615785 0.5141031275714931
290 0.21558231813766054 0.6026888267340135
292 0.22659418258449426 0.6955781866965212
294 0.23889368769979988 0.7932108344791003
296 0.2526640890411294 0.896084117794049
298 0.26812229344520777 1.0047628928420695
300 0.2855264500142413 1.1198913347562658
302 0.30518559887642605 1.2422072655231549
304 0.32747203552361664 1.372559633624726
306 0.352837293000311 1.5119299631430745
308 0.38183299311025265 1.6614588326457287
310 0.4151383219380025 1.8224787662127935
312 0.4535966230553788 1.9965553476186233
314 0.4982646976402608 2.185538939371596
316 0.550480052429124 2.3916301460861247
318 0.6119538659090331 2.6174631580538072
320 0.6849013837172157 2.866212395431936
322 0.7722277052704436 3.1417294603196377
324 0.8777970327577528 3.448719190105178
326 1.0068301361108192 3.792965153501184
328 1.1665029029535852 4.181614931620898
330 1.3668672462328801 4.623530440532938
332 1.6223007062974535 5.129689154091464
334 1.9538432442149805 5.713564473140196
336 2.3930547333898837 6.391255127668857
338 2.9885199859007696 7.180707815017576
340 3.8169663927218864 8.09823200826908
342 5.002108873099552 9.147403360552024
344 6.7444188864264705 10.287115237259385
346 9.35545112968934 11.344708001794475
348 13.232023022446814 11.803198752472973
350 18.485355163735438 10.437773083907542
352 23.69469741596373 5.490030798751262
354 25.24102048998485 -2.6684442021097476
356 21.717541863473276 -9.697564413812302
358 16.346065338839747 -12.908874921158338
360 11.80781466462076 -13.394006988473818
362 8.601860799881534 -12.726084445147961
364 6.429503821208848 -11.728978767306344
366 4.945921266921079 -10.722255139968551
368 3.908175826787721 -9.808286143459513
370 3.1620222804468123 -9.008331109730571
372 2.6110566430874957 -8.316103687812294
374 2.194235818222805 -7.717631421903576
376 1.8720196122393609 -7.198286344667687
378 1.6181427602858511 -6.745025893103366
380 1.414719693274457 -6.346881083207659
382 1.2492835728682505 -5.9948404263768245
384 1.1129559004175673 -5.681561568806446
386 0.9992885525622061 -5.401067666884312
388 0.9035143397935765 -5.148479658893755
390 0.8220513278308882 -4.919795605128449
392 0.7521682684183649 -4.7117141444699735
394 0.6917544724122299 -4.521495056180319
396 0.6391587335124451 -4.346849609625521
398 0.5930747503910276 -4.185854317158332
400 0.5524584008501239 -4.0368829009464084
402 0.5164671848201158 -3.8985523936352724
404 0.4844153264402278 -3.7696802150085182
406 0.45574009006062544 -3.6492497974159477
408 0.42997623020470344 -3.536382897556638
410 0.4067364121850154 -3.430317163905517
412 0.3856960644396891 -3.3303878574230343
414 0.36658155468268605 -3.2360128726396624
416 0.34916088331517164 -3.146680396094776
418 0.3332363007408543 -3.0619386840605514
420 0.31863840774990565 -2.981387552577113
422 0.3052214084046473 -2.9046712583761103
424 0.29285926536938395 -2.83147251545586
426 0.2814425669705518 -2.7615074435844043
428 0.2708759593862504 -2.69452128522168
430 0.26107603045316236 -2.6302847590285476
432 0.25196955657291736 -2.5685909430892715
434 0.24349204323971352 -2.509252600829144
436 0.23558650430838773 -2.452099878436122
438 0.22820243639249432 -2.3969783152743713
440 0.22129495354313442 -2.3437471190200383
442 0.21482405420536266 -2.2922776654966612
444 0.20875399783643656 -2.2424521899245
446 0.20305277282850132 -2.194162641772782
448 0.1976916407677133 -2.14730967990753
450 0.19264474476557222 -2.1018017884183293
452 0.18788877177460997 -2.057554496561686
454 0.18340266055361787 -2.0144896887978025
456 0.1791673483698801 -1.9725349929972398
458 0.1751655506826911 -1.9316232366527635
460 0.1713815689991509 -1.8916919624070885
462 0.16780112286970994 -1.8526829954476325
464 0.1644112026296944 -1.8145420563512626
466 0.1611999400237235 -1.7772184138622529
468 0.15815649428697945 -1.740664572815419
470 0.15527095162450408 -1.7048359930688988
472 0.152534236334111 -1.6696908358411313
474 0.14993803207511697 -1.635189734319918
476 0.14747471199970413 -1.6012955858001992
478 0.14513727664635515 -1.5679733629563615
480 0.1429192986472074 -1.5351899421427841
482 0.14081487343238222 -1.5029139468741481
484 0.13881857522470392 -1.4711156048540932
486 0.13692541771285288 -1.4397666171113275
488 0.13513081887231787 -1.408840037969583
490 0.13343056947215945 -1.3783101647181657
492 0.13182080486582656 -1.3481524359763055
494 0.13029797971571389 -1.3183433378561316
496 0.12885884534540062 -1.2888603171196538
498 0.12750042945214216 -1.2596817006137508
500 0.12622001794608956 -1.2307866203365274
502 0.1250151387115046 -1.2021549435535166
504 0.12388354711131924 -1.1737672074415242
506 0.12282321307849732 -1.1456045577803122
508 0.12183230965791994 -1.1176486912642694
510 0.12090920287955279 -1.0898818010350988
512 0.12005244285992356 -1.062286525078254
514 0.119260756042267 -1.0348458971477523
516 0.1185330384986496 -1.0075432999129963
518 0.1178683502286738 -0.9803624200422987
520 0.11726591039965804 -0.9532872049564727
522 0.11672509348270822 -0.9263018210019411
524 0.1162454262480747 -0.8993906128020354
526 0.11582658559142271 -0.8725380635689627
528 0.11546839717051034 -0.8457287561488525
530 0.11517083483935775 -0.8189473345967764
532 0.1149340208745 -0.7921784660729161
534 0.11475822699506028 -0.765406802858165
536 0.11464387618574919 -0.738616944287125
538 0.11459154533939682 -0.7117933983981443
540 0.11460196874321461 -0.6849205430950985
542 0.11467604244091513 -0.6579825866096422
544 0.11481482951142294 -0.6309635270550532
546 0.11501956631368133 -0.6038471108421806
548 0.11529166975698771 -0.5766167897276515
550 0.11563274566669698 -0.5492556762476828
552 0.1160445983268175 -0.5217464972751805
554 0.11652924129382335 -0.49407154542196763
556 0.11708890959012233 -0.4662126279882691
558 0.11772607340181328 -0.4381510131330946
560 0.11844345342279235 -0.4098673729183713
562 0.11924403800794171 -0.38134172284302864
564 0.12013110232058631 -0.3525533574506641
566 0.1211082296853746 -0.32348078155129856
568 0.12217933538753613 -0.2941016365548048
570 0.12334869319304113 -0.2643926213569108
572 0.12462096490290166 -0.23432940716105394
574 0.1260012332997207 -0.20388654555176078
576 0.1274950388955302 -0.1730373690525761
578 0.12910842094954317 -0.14175388332245037
580 0.1308479632932504 -0.11000665002914954
582 0.13272084557971425 -0.07776465933936921
584 0.13473490066744895 -0.04499519081678466
586 0.13689867895700542 -0.011663661382076812
588 0.13922152062608192 0.022266541197807417
590 0.14171363685695862 0.05683424100976022
592 0.14438620132620247 0.09208067484731715
594 0.14725145343189758 0.1280497134297416
596 0.1503228149790969 0.16478810551877587
598 0.1536150223326966 0.2023457478114972
600 0.1571442763925062 0.24077598390206154
602 0.1609284131552709 0.2801359360814178
604 0.16498709812119225 0.3204868743031034
606 0.1693420483922639 0.36189462728821165
608 0.17401728702142696 0.40443004150793704
610 0.17903943503113903 0.4481694946723025
612 0.18443804756258975 0.4931954713990473
614 0.19024600188615637 0.5395972099764819
616 0.19649994655565647 0.5874714305915283
618 0.20324082289043843 0.6369231571164805
620 0.2105144723158407 0.6880666466089225
622 0.21837234599181532 0.7410264431093841
624 0.22687233676272384 0.7959385752285218
626 0.23607975796215572 0.8529519205032856
628 0.2460684992477095 0.9122297636534531
630 0.25692239675391954 0.9739515808692738
632 0.2687368638650202 1.0383150882790493
634 0.2816208403890598 1.105538599969379
636 0.29569913262448844 1.1758637496673814
638 0.3111152357630841 1.2495586407114767
640 0.32803475464790893 1.3269215016434415
642 0.34664957096776194 1.4082849400455
644 0.3671829470888201 1.494020905640146
646 0.38989581242711985 1.5845464956477904
648 0.4150945524837242 1.6803307614984615
650 0.44314072028925394 1.781902706578539
652 0.47446322478040176 1.8898606997784213
654 0.5095737344857043 2.0048835686254542
656 0.5490862877784354 2.127743676482511
658 0.5937424518911356 2.2593223260057034
660 0.6444438642257896 2.4006278556417366
662 0.7022946837771127 2.552816788122159
664 0.7686574705758987 2.7172183127434626
666 0.8452274359306491 2.8953621679451187
668 0.9341320747586017 3.0890095092075986
670 1.0380662181489135 3.300185361551291
672 1.1604770019935875 3.5312093209645092
674 1.3058198371747303 3.784717447726613
676 1.4799161988027398 4.063661197403488
678 1.6904582891028543 4.37125571545463
680 1.9477259228146344 4.710823986905109
682 2.265608184824496 5.0854337239079355
684 2.663053508464124 5.497128231431607
686 3.166090191334647 5.945368278669418
688 3.810506501891514 6.4239519011855535
690 4.644977654983186 6.915040815698838
692 5.733383689401867 7.377883326675138
694 7.152062966440272 7.728663484632465
696 8.970460882315397 7.808878590193225
698 11.190815435158765 7.351491802445403
700 13.619450708871813 5.996324112255337
702 15.718190724126899 3.473615727425059
704 16.69894219613296 -0.008541653943286646
706 16.09239143416272 -3.6018998252106096
708 14.223016981099539 -6.379650881491215
710 11.863287314702069 -7.998990444992384
712 9.615824779425802 -8.659937869762873
714 7.733714979878141 -8.716990152366384
716 6.245980930655955 -8.454137499436372
718 5.095066364294168 -8.047121185281805
720 4.2075221127702775 -7.591913656829147
722 3.519015424150516 -7.136903065567483
724 2.9794814473107807 -6.704552063609278
726 2.5516833829564862 -6.303853653820602
728 2.2083495806708777 -5.937051802302407
730 1.9295350442215626 -5.603164231505834
732 1.7005725269943806 -5.299798036413965
734 1.5105792775909928 -5.024069068300606
736 1.3513953905004195 -4.773053863870471
738 1.2168345443081028 -4.543998928811738
740 1.1021544780559815 -4.334405222405003
742 1.0036805247655682 -4.14204974147819
744 0.9185357125683524 -3.964976722177739
746 0.8444454075583224 -3.8014754580976136
748 0.7795944807841365 -3.650053492118092
750 0.722521811429938 -3.509409552809267
752 0.6720415826298107 -3.378408277866231
754 0.6271839916814272 -3.25605754437727
756 0.5871501654806387 -3.141488599168803
758 0.5512775691697075 -3.0339388767551942
760 0.5190132380077974 -2.9327372580517177
762 0.4898928940767041 -2.8372914783200756
764 0.4635245277694474 -2.747077393451365
766 0.4395753945179225 -2.661629835418558
768 0.41776164444915814 -2.5805348178367336
770 0.3978399970525369 -2.503422884278161
772 0.37960101555451536 -2.429963422122266
774 0.3628636411725363 -2.359859791835073
776 0.3474707260399417 -2.292845145228024
778 0.33328536263659914 -2.228678826494922
780 0.3201878522290053 -2.1671432669791866
782 0.30807318884487683 -2.10804129901383
784 0.29684896139843325 -2.051193826224477
786 0.2864335967151576 -1.9964377977199632
788 0.27675488183869956 -1.9436244419657513
790 0.2677487162126176 -1.8926177231019394
792 0.259358053919045 -1.84329298827094
794 0.25153200373000384 -1.795535779366106
796 0.2442250607383158 -1.7492407866552122
798 0.23739644813095281 -1.7043109251205129
800 0.23100955151171576 -1.6606565171919077
802 0.22503143127614542 -1.6181945679374365
804 0.21943240104486864 -1.5768481207766392
806 0.21418566219701168 -1.5365456834836624
808 0.2092669862026752 -1.4972207156690802
810 0.20465443781384915 -1.4588111701492998
812 0.2003281332893787 -1.4212590816430497
814 0.19627002875089564 -1.3845101971049303
816 0.1924637345313231 -1.348513642765665
818 0.1888943520096756 -1.3132216235746852
820 0.18554832995713827 -1.2785891513029335
822 0.18241333786007635 -1.2445737980243825
824 0.17947815405792494 -1.211135472102314
826 0.17673256684643157 -1.1782362141577059
828 0.1741672869612135 -1.1458400107965772
830 0.17177387007975173 -1.1139126241303396
832 0.16954464817125647 -1.0824214353562627
834 0.1674726686853841 -1.0513353008515678
836 0.16555164071017597 -1.0206244194125864
838 0.16377588734873155 -0.9902602094114893
840 0.16214030366710894 -0.9602151947767589
842 0.16064031965468273 -0.9304628988090591
844 0.1592718677160893 -0.9009777449477343
846 0.15803135428085435 -0.8717349636812715
848 0.156915635176792 -0.8427105048711897
850 0.15592199446529692 -0.8138809548225704
852 0.15504812648358335 -0.7852234574851193
854 0.15429212088103583 -0.7567156392201515
856 0.15365245047443502 -0.7283355366032713
858 0.1531279617822351 -0.7000615267704946
860 0.15271786812992483 -0.6718722598393897
862 0.15242174524924706 -0.643746592960806
864 0.15223952932293705 -0.615663525573409
866 0.15217151745503832 -0.5876021354467839
868 0.15221837057445875 -0.5595415151039799
870 0.15238111880769895 -0.5314607082219551
872 0.152661169385119 -0.5033386456051961
874 0.1530603171750231 -0.4751540803233115
876 0.1535807579710642 -0.44688552159486
878 0.15422510469221537 -0.4185111669860345
880 0.1549964066911999 -0.3900088324728922
882 0.1558981724070102 -0.361355879894286
884 0.15693439564182549 -0.33252914129354416
886 0.1581095857922155 -0.3035048396106399
888 0.15942880242048832 -0.27425850514888894
890 0.1608976946154 -0.24476488718886028
892 0.16252254566416047 -0.21499786006882107
894 0.1643103236402064 -0.18493032298720832
896 0.16626873860734645 -0.154534092705067
898 0.16840630725085368 -0.1237797882463217
900 0.17073242587495066 -0.09263670659115517
902 0.17325745285486682 -0.06107268825122254
904 0.17599280180690074 -0.029053971482605873
906 0.17895104694370442 0.0034549662475377592
908 0.1821460423232034 0.03649158109828013
910 0.1855930569824947 0.07009545173641211
912 0.18930892828376333 0.10430848622711032
914 0.19331223619669063 0.13917514914349674
916 0.19762350171493903 0.1747427113887746
918 0.20226541316898922 0.2110615255527073
920 0.20726308487279158 0.24818532999179874
922 0.21264435335336496 0.2861715852488993
924 0.21844011738909586 0.3250818469118342
926 0.2246847292632774 0.36498217955981277
928 0.23141644607110168 0.40594361707930615
930 0.23867795165989036 0.4480426753390629
932 0.24651696190886002 0.49136192402322704
934 0.25498692866130407 0.5359906253312536
936 0.26414786082718295 0.5820254482671616
938 0.2740672851325104 0.6295712683690248
940 0.28482137389831635 0.6787420639605342
942 0.29649627334055156 0.7296619213362796
944 0.3091896735134554 0.7824661626677287
946 0.323012670601615 0.8373026118052016
948 0.33809198434216853 0.8943330144265066
950 0.3545726086517319 0.9537346299892965
952 0.3726209929788582 1.0157020133969967
954 0.39242887675189986 1.0804490037777732
956 0.4142179311745203 1.1482109356068972
958 0.43824540372357706 1.219247082556332
960 0.4648110139169811 1.2938433353150607
962 0.49426541810144414 1.3723150987079238
964 0.5270206513046861 1.4550103669154355
966 0.5635630724522581 1.54231289252594
968 0.6044694945493874 1.634645296314139
970 0.6504273857318242 1.7324718556654666
972 0.7022602959190243 1.8363005379467112
974 0.7609600168303319 1.9466835754983947
976 0.8277274441890766 2.0642154553590792
978 0.9040247065693662 2.189526530610025
980 0.9916418795905049 2.3232694100837343
982 1.0927825251594405 2.466093623734597
984 1.2101733440725266 2.618601433113255
986 1.3472042510412379 2.7812734911791854
988 1.5081057548311285 2.954346464131896
990 1.6981696628397966 3.137614359910101
992 1.9240146451610922 3.330109227248906
994 2.1938854811564386 3.529592648652999
996 2.5179445372836575 3.7317549357517628
998 2.908448189371789 3.9289755198457157
1000 3.3795674443856476 4.108459826875295
1002 3.946362199225648 4.2495851285694615
1004 4.622005923434144 4.3204964392160035
1006 5.41183576674754 4.274691382172063
1008 6.3026224179328985 4.0499897040060375
1010 7.24701628243513 3.575081066431583
1012 8.148866575237943 2.790927831655606
1014 8.865193739788213 1.6891885699731344
1016 9.244111162192269 0.35029689975156403
1018 9.193905196481195 -1.0574819116386642
1020 8.735033511954313 -2.3389878644296207
1022 7.986351796199485 -3.353722148415249
1024 7.099952635603361 -4.054626292001619
1026 6.201628718357314 -4.470069199535606
1028 5.368368469898399 -4.663242173436807
1030 4.634435964219307 -4.700502862808235
1032 4.006727629882463 -4.636586208303844
1034 3.478124728279976 -4.51144947267535
1036 3.0360013064399736 -4.3522558149367265
1038 2.6667395155356988 -4.176635624105855
1040 2.3577652055311686 -3.9956359492615183
1042 2.098259966725405 -3.815946937076024
1044 1.8792447521503257 -3.6414490641155792
1046 1.6934042084063905 -3.47424314039521
1048 1.534831102742384 -3.3153200688407733
1050 1.398770368779911 -3.1649905787031445
1052 1.2813932176253358 -3.023158669632141
1054 1.1796091613716153 -2.889494481697764
1056 1.090914276800303 -2.763542813150546
1058 1.0132706788356998 -2.64479056990524
1060 0.9450115492614664 -2.532708043752652
1062 0.8847665389707842 -2.4267735402475425
1064 0.8314031813254775 -2.3264874462693874
1066 0.7839807976035136 -2.2313796385387263
1068 0.7417141208947488 -2.1410127356217323
1070 0.7039444797684423 -2.054982799408024
1072 0.6701168724689791 -1.9729185155055697
1074 0.6397616442137829 -1.8944795100623049
1076 0.6124797747775131 -1.819354219991532
1078 0.5879310095902328 -1.7472575778056871
1080 0.565824240613911 -1.6779286713626371
1082 0.5459096757474149 -1.6111284736402693
1084 0.527972437080086 -1.5466376957122614
1086 0.5118273064075666 -1.4842547893718325
1088 0.49731439664887217 -1.423794109047027
1090 0.48429557444315957 -1.3650842323461851
1092 0.4726514954652091 -1.3079664324706914
1094 0.4622791423292953 -1.2522932923724992
1096 0.45308977718757104 -1.1979274489044967
1098 0.44500723867827235 -1.144740454685306
1100 0.43796652680559134 -1.0926117455393503
1102 0.4319126304537647 -1.0414277019047036
1104 0.42679956118063195 -0.9910807933463025
1106 0.4225895641855957 -0.941468796154751
1108 0.41925248328171905 -0.8924940748824988
1110 0.4167652616146419 -0.8440629195271533
1112 0.4151115640008974 -0.7960849308962977
1114 0.4142815102887121 -0.7484724474722477
1116 0.4142715122326023 -0.7011400078346604
1118 0.41508420914383964 -0.654003843417877
1120 0.41672850014446206 -0.6069813970711669
1122 0.41921967330876764 -0.5599908635997687
1124 0.4225796344137515 -0.5129507492043673
1126 0.42683724052525507 -0.4657794475479494
1128 0.43202874630920873 -0.41839483111508
1130 0.43819837386619015 -0.37071385764175724
1132 0.44539902014809146 -0.3226521927737434
1134 0.4536931197361904 -0.2741238518564804
1136 0.4631536850712349 -0.22504086602682152
1138 0.47386555127581453 -0.17531298073195115
1140 0.485926858666258 -0.12484739873077667
1142 0.4994508131144814 -0.0735485848559815
1144 0.5145677728053832 -0.021318156821143096
1146 0.5314277198976453 0.03194510423300399
1148 0.5502031873798984 0.08634507705836482
1150 0.5710927252828255 0.1419878939297194
1152 0.5943250065538507 0.1989812177680807
1154 0.6201636913920952 0.257433084354891
1156 0.6489131894998771 0.31745014828633655
1158 0.6809254818326336 0.37913511282505263
1160 0.716608185453262 0.4425830440790037
1162 0.7564340639240384 0.5078761612946406
1164 0.8009521955607669 0.5750765470935636
1166 0.8508010027943349 0.6442160205497767
1168 0.9067233005801079 0.7152821443552038
1170 0.9695834113939096 0.7881989729884472
1172 1.0403861712363278 0.8628006663119071
1174 1.1202972380816634 0.9387954668876359
1176 1.210663388570349 1.0157167530669409
1178 1.3130302594964731 1.0928569465428808
1180 1.4291529702814492 1.169179057248739
1182 1.560991839055914 1.2431998285100165
1184 1.7106804352031266 1.3128383426319705
1186 1.8804458916328168 1.3752256595502974
1188 2.0724513369779434 1.426476627239181
1190 2.2885180304706347 1.461437868343043
1192 2.529673290346643 1.473451225031233
1194 2.7954678748741006 1.4542155680690028
1196 3.0830305083494167 1.3938946542353545
1198 3.3859065118554468 1.2816940956015863
1200 3.692894343736333 1.1071742506365143
1202 3.9873509525844577 0.8624863922383215
1204 4.247689373734718 0.5453940123604247
1206 4.449787321818458 0.16232817416402073
1208 4.571440535649562 -0.2699275257759718
1210 4.597804085224836 -0.7254060964400412
1212 4.525649607922122 -1.1734202540602585
1214 4.364331576236759 -1.5849372313164052
1216 4.132950880244279 -1.9382519468189225
1218 3.855203089032734 -2.2218148510307114
1220 3.554247588547531 -2.4338022576303815
1222 3.249265667946882 -2.579550620944187
1224 2.954097287401314 -2.668404774752829
1226 2.6774397611486633 -2.7110671041917866
1228 2.4238411881374384 -2.7178519123575406
1230 2.1948879776857155 -2.6977809962591404
1232 1.9902584246736261 -2.6582731447183394
1234 1.8085264473090301 -2.6051780131386404
1236 1.6477170431877906 -2.5429715950194804
1238 1.5056615984206032 -2.4750021207327233
1240 1.3802090258524649 -2.403728603579468
1242 1.269340476190328 -2.330927449392843
1244 1.1712231467834127 -2.2578606245776682
1246 1.0842276059694658 -2.185407474338897
1248 1.0069245370901563 -2.1141655920380362
1250 0.9380708342777796 -2.0445267947524934
1252 0.8765910174042463 -1.976733745110748
1254 0.8215574013330743 -1.9109218444058544
1256 0.7721708864179382 -1.8471500691147738
1258 0.7277432934392719 -1.7854235801648861
1260 0.6876816157868051 -1.7257102444768448
1262 0.6514742535589801 -1.6679526676429637
1264 0.6186791321339088 -1.612076923747263
1266 0.5889135316038444 -1.557998858163945
1268 0.5618454264128302 -1.505628608518015
1270 0.5371861343275562 -1.4548738185253887
1272 0.5146840873142334 -1.405641893906663
1274 0.4941195563291885 -1.3578415572943896
1276 0.47530018316651 -1.3113838912550142
1278 0.45805719305039266 -1.2661830087222692
1280 0.4422421804930519 -1.2221564534816982
1282 0.42772437761652965 -1.1792254063479486
1284 0.41438832858748403 -1.1373147527626084
1286 0.4021319061508487 -1.0963530528289862
1288 0.3908646166828992 -1.0562724439223907
1290 0.3805061489489751 -1.0170084979520837
1292 0.37098512908516695 -0.9785000493792589
1294 0.3622380504414814 -0.9406890056624189
1296 0.3542083520213781 -0.9035201485151754
1298 0.3468456234977063 -0.866940931919506
1300 0.34010491831961764 -0.83090128103359
1302 0.3339461593707762 -0.7953533947939683
1304 0.32833362409735145 -0.7602515540252242
1306 0.32323549807741875 -0.7255519361459015
1308 0.31862348772300847 -0.6912124370275327
1310 0.31447248424797253 -0.6571925001770729
1312 0.3107602722482454 -0.6234529531356702
1314 0.3074672772641588 -0.5899558507861173
1316 0.304576347560306 -0.5566643251219414
1318 0.3020725660939574 -0.523542440932751
1320 0.29994308927084407 -0.4905550567934662
1322 0.2981770096248068 -0.4576676907006611
1324 0.2967652400224135 -0.4248463896682962
1326 0.29570041739695235 -0.39205760257549854
1328 0.2949768243701176 -0.359268055546212
1330 0.2945903274326292 -0.3264446291261643
1332 0.29453833063632345 -0.29355423651604434
1334 0.2948197440056752 -0.260563702106341
1336 0.29543496611324305 -0.2274396395441397
1338 0.2963858804863978 -0.1941483285487264
1340 0.2976758657278016 -0.1606555896633441
1342 0.2993098194424214 -0.1269266561125298
1344 0.3012941962778846 -0.09292604188972585
1346 0.3036370606022607 -0.058617405168495854
1348 0.3063481545747439 -0.023963406077138625
1350 0.309438982610868 0.011074442179003316
1352 0.31292291351294904 0.04653592992399053
1354 0.31681530183515355 0.0824623165022225
1356 0.32113363038715265 0.11889650588687259
1358 0.3258976761604364 0.15588323373430468
1360 0.3311297023971701 0.193469267313641
1362 0.33685468002401026 0.23170361985145377
1364 0.3431005422592279 0.27063778095287006
1366 0.3498984768840485 0.3103259648847982
1368 0.3572832614745492 0.3508253786414318
1370 0.36529364783844487 0.392196511845206
1372 0.37397280302684294 0.43450345066694884
1374 0.3833688156282022 0.4778142180669541
1376 0.3935352776502391 0.5222011427568447
1378 0.4045319542075807 0.5677412593398155
1380 0.4164255555312876 0.6145167420840264
1382 0.4292906285854067 0.6626153746919624
1384 0.44321058892109194 0.7121310581939365
1386 0.458278917454439 0.7631643586713168
1388 0.47460055178037586 0.8158230957986831
1390 0.4922935076391926 0.8702229720832149
1392 0.5114907734856776 0.9264882409987568
1394 0.5323425300900115 0.984752409730397
1396 0.5550187581200441 1.0451589686480967
1398 0.5797123102034899 1.1078621344567727
1400 0.6066425406594437 1.1730275866115993
1402 0.6360596066674085 1.2408331661420742
1404 0.6682495800336739 1.3114694912721863
1406 0.7035405400440841 1.3851404234087126
1408 0.7423098564880078 1.4620632877175055
1410 0.784992919361969 1.5424687111178845
1412 0.8320936297491712 1.6265998821158605
1414 0.8841970367033157 1.714710954345844
1416 0.9419845892220368 1.8070641988559013
1418 1.0062525713255026 1.9039253444902091
1420 1.0779344007530645 2.005556310415089
1422 1.1581275928178314 2.112204200198899
1424 1.248126307867638 2.224084950598862
1426 1.349460486874563 2.3413593507859
1428 1.4639425825104908 2.4640981862137536
1430 1.5937227147632946 2.592231903300387
1432 1.7413525430066932 2.7254782902490002
1434 1.909856935736945 2.863239050155235
1436 2.102810089216989 3.0044526284239583
1438 2.324408173859018 3.1473861558956155
1440 2.579522359711292 3.289344088511732
1442 2.8737018287022225 3.426266044907046
1444 3.213072726946737 3.552184201986957
1446 3.604041816274333 3.658517752150706
1448 4.052659846752339 3.733211397202164
1450 4.563433327653578 3.7598003883920565
1452 5.137319246312974 3.716642427558797
1454 5.768667241935092 3.5768343114920236
1456 6.441138195977812 3.3097183834069996
1458 7.123344985452589 2.885203936020312
1460 7.766234442725073 2.2818748503245985
1462 8.305561733473573 1.4982348787458215
1464 8.672587555002655 0.563185125381148
1466 8.812376081253298 -0.4612020997010478
1468 8.70254679994671 -1.4901872816105655
1470 8.36179495077253 -2.4379930632530993
1472 7.842599831793837 -3.239935424655072
1474 7.212965611040209 -3.864040363560521
1476 6.537797111301323 -4.3092452303073365
1478 5.867512751411548 -4.595343621765737
1480 5.234973083328852 -4.751681672641719
1482 4.657769839404879 -4.808780604055949
1484 4.142483802743165 -4.793740936884948
1486 3.688789495265323 -4.728540119644016
1488 3.2925803830646814 -4.630002543289001
1490 2.9480433602087004 -4.510513319601783
1492 2.6489025236116204 -4.378933572651308
1494 2.389095514843861 -4.241459813427559
1496 2.1630964483366504 -4.102334857708789
1498 1.9660340128862501 -3.964398119375625
1500 1.7936990761524456 -3.829495390453659
1502 1.6424981043686875 -3.6987768290562295
1504 1.5093843295919889 -3.5729104332263617
1506 1.391783816026062 -3.452233495432932
1508 1.2875249830500655 -3.336859352880371
1510 1.1947753309504325 -3.226752261835828
1512 1.1119865331876406 -3.121779689529332
1514 1.0378477529976238 -3.0217486677456744
1516 0.9712464458690947 -2.926430921764184
1518 0.9112356946893795 -2.8355801048922076
1520 0.857007104875889 -2.7489434869874634
1522 0.8078683592745136 -2.6662697521597343
1524 0.7632246412891005 -2.5873140726079855
1526 0.722563250806893 -2.511841281891446
1528 0.6854408470753243 -2.439627728879228
1530 0.6514728499549234 -2.3704622229178973
1532 0.6203246143044523 -2.304146360152972
1534 0.5917040621232297 -2.2404944355880523
1536 0.565355514855757 -2.1793330849410704
1538 0.5410545156378884 -2.1205007573829313
1540 0.5186034698960764 -2.063847089696676
1542 0.49782796411169933 -2.0092322306616412
1544 0.4785736480525961 -1.9565261490204462
1546 0.46070358645247056 -1.9056079474143635
1548 0.44409600290237067 -1.8563651968955854
1550 0.42864235235788944 -1.8086933011450697
1552 0.4142456697638722 -1.7624948956778326
1554 0.4008191513465892 -1.7176792846466682
1556 0.3882849325162942 -1.6741619160252559
1558 0.37657303237691503 -1.6318638947196846
1560 0.36562043980916054 -1.5907115323563685
1562 0.35537032018275616 -1.5506359319907332
1564 0.3457713251281153 -1.511572605697474
1566 0.3367769905886097 -1.4734611228604737
1568 0.32834521069028655 -1.436244786946955
1570 0.32043777689063235 -1.3998703385798805
1572 0.3130199734738032 -1.3642876827990982
1574 0.3060602218015818 -1.3294496385073855
1576 0.29952976685405464 -1.2953117082144963
1578 0.29340240053935934 -1.2618318663202142
1580 0.2876542170483488 -1.2289703643066932
1582 0.2822633962021259 -1.1966895513334974
1584 0.27721001131051676 -1.1649537088530015
1586 0.2724758585422723 -1.1337288979747724
1588 0.2680443052196852 -1.1029828184174917
1590 0.26390015480076845 -1.0726846779848007
1592 0.260029526612338 -1.0428050715933017
1594 0.2564197486545325 -1.0133158689646038
1596 0.2530592620183773 -0.984190110171452
1598 0.24993753564818424 -0.9554019082939669
1600 0.24704499034557512 -0.9269263585102999
1602 0.24437293105400812 -0.8987394529971819
1604 0.24191348658684508 -0.8708180010724139
1606 0.23965955606971884 -0.843139554053007
1608 0.2376047614625809 -0.8156823343477294
1610 0.2357434056095281 -0.788425168336577
1612 0.23407043533762237 -0.7613474226248241
1614 0.23258140919071926 -0.7344289432862706
1616 0.23127246944181087 -0.7076499977389062
1618 0.2301403180790881 -0.6809912189139554
1620 0.22918219650758467 -0.6544335514048343
1622 0.22839586875052376 -0.6279581992930272
1624 0.22777960797338223 -0.601546575366762
1626 0.22733218618995638 -0.5751802514584832
1628 0.22705286704322877 -0.5488409096349677
1630 0.22694140158627385 -0.5225102939843391
1632 0.2269980270193035 -0.4961701627469258
1634 0.22722346836922128 -0.46980224054087466
1636 0.22761894312815595 -0.4433881704354713
1638 0.2281861688977215 -0.4169094656216957
1640 0.2289273741167008 -0.39034746043036184
1642 0.2298453119820656 -0.3636832604399798
1644 0.2309432777070679 -0.3368976914115374
1646 0.23222512929614525 -0.3099712467778612
1648 0.23369531205532887 -0.2828840334045654
1650 0.23535888709916714 -0.2556157153245617
1652 0.237221564161607 -0.22814545513525628
1654 0.23928973906988643 -0.20045185272617383
1656 0.2415705362979068 -0.17251288098550296
1658 0.24407185707985346 -0.14430581811125218
1660 0.24680243363788554 -0.11580717612242114
1662 0.2497718901595703 -0.08699262514029292
1664 0.25299081125480455 -0.05783691297322084
1666 0.256470818728754 -0.0283137795026887
1668 0.2602246576298676 0.0016041346718534358
1670 0.26426629267291946 0.03194538591707112
1672 0.26861101629910655 0.06273983221447539
1674 0.27327556982281925 0.0940187454622423
1676 0.27827827933171423 0.12581493217558296
1678 0.2836392082589379 0.15816286339094304
1680 0.28938032883960474 0.19109881464444486
1682 0.29552571500615554 0.22466101696075358
1684 0.3021017596774076 0.2588898198583314
1686 0.3091374198652616 0.2938278674453753
1688 0.3166644935741475 0.3295202887475363
1690 0.3247179331174652 0.3660149034721276
1692 0.3333362002405228 0.40336244446206376
1694 0.3425616693453349 0.4416167981299201
1696 0.3524410861870679 0.4808352641742661
1698 0.36302609068630765 0.5210788358488999
1700 0.3743738140219132 0.562412501977911
1702 0.38654756198253654 0.6049055717505755
1704 0.3996175987234335 0.6486320230620283
1706 0.41366204767794407 0.693670874754639
1708 0.42876792949692083 0.7401065824910349
1710 0.44503236065310586 0.7880294570871612
1712 0.4625639408862862 0.837536102842515
1714 0.4814843631515853 0.8887298715835947
1716 0.5019302863730697 0.9417213255935027
1718 0.5240555193544436 0.9966286990686443
1720 0.5480335739645714 1.053578342869105
1722 0.5740606575701693 1.1127051306057816
1724 0.6023591890799016 1.1741527948730872
1726 0.6331819404169386 1.2380741497422503
1728 0.6668169263641389 1.3046311382001143
1730 0.7035931912118509 1.3739946192651118
1732 0.7438876712126807 1.446343776567499
1734 0.788133348223461 1.5218649848249841
1736 0.8368289526368293 1.6007499080973455
1738 0.8905505229138466 1.6831925173502251
1740 0.9499651839840874 1.7693845954613787
1742 1.0158475650647225 1.859509132568594
1744 1.08909933358272 1.9537307858890984
1746 1.1707723649456185 2.052182261533206
1748 1.262096077604769 2.1549450384763724
1750 1.3645094028957852 2.2620222529641354
1752 1.479697666419507 2.373300738935121
1754 1.6096342247609754 2.488498108230883
1756 1.7566258484442108 2.6070892793168303
1758 1.9233592745329693 2.7282049647802347
1760 2.1129435982181954 2.850492308162125
1762 2.3289384998006444 2.9719252903709394
1764 2.575350629961219 3.0895502603212037
1766 2.8565683311004784 3.1991513343559697
1768 3.1771865640811168 3.2948243242022497
1770 3.541648276479585 3.3684618146342844
1772 3.9535969598254725 3.4091856019898232
1774 4.414806626436511 3.4028303089022827
1776 4.923554765001617 3.331699853470126
1778 5.472383500558157 3.1749911797978525
1780 6.045438268005364 2.9104657939268757
1782 6.616062516578801 2.5180038916217953
1784 7.146013891891035 1.9853107863809474
1786 7.588159988587272 1.314951226838777
1788 7.8939895993941205 0.530179293333405
1790 8.025047294646578 -0.3241749322574824
1792 7.9642008426713335 -1.1883919874550946
1794 7.7211514295592485 -2.0008172657168144
1796 7.329084135157431 -2.7116284269154614
1798 6.834424359690551 -3.2914035110074225
1800 6.285048797570128 -3.73205153784254
1802 5.7216455199841265 -4.041974012371986
1804 5.173869084544848 -4.239152768843186
1806 4.660360928688908 -4.345064663869431
1808 4.1908135247178535 -4.3806225373821395
1810 3.76857697850653 -4.3640805226055805
1812 3.3929819420091345 -4.310327400242134
1814 3.0610914491856698 -4.230969901537894
1816 2.7688880921753016 -4.134772876093348
1818 2.5120142539717274 -4.028200093600149
1820 2.286197912140638 -3.9159280275998007
1822 2.0874737325816297 -3.801282146490001
1824 1.9122787254069744 -3.6865854106551463
1826 1.757475359093382 -3.573426595923024
1828 1.6203355531286896 -3.462862152084382
1830 1.4985057579920908 -3.3555657951691593
1832 1.3899648353564993 -3.2519382719098395
1834 1.2929811936069642 -3.1521873614841365
1836 1.2060724821713724 -3.0563859076433113
1838 1.1279693178351984 -2.964513758178526
1840 1.0575834924840137 -2.8764879722443997
1842 0.9939805690100061 -2.792184498685371
1844 0.9363565094467888 -2.7114536642248956
1846 0.8840178751448298 -2.634131173560253
1848 0.8363651206131627 -2.5600458579698055
1850 0.7928785282839692 -2.489025070450088
1852 0.7531063767810433 -2.4208983796569363
1854 0.716654986949187 -2.355500036715768
1856 0.683180340881243 -2.292670559688782
1858 0.652381016071426 -2.2322576866240467
1860 0.6239922182566159 -2.1741168798641346
1862 0.5977807322242208 -2.1181115145938407
1864 0.5735406401633966 -2.0641128483509648
1866 0.5510896825733586 -2.011999841745627
1868 0.5302661579442994 -1.9616588812585276
1870 0.5109262750214045 -1.9129834408020476
1872 0.4929418860245545 -1.8658737083340018
1874 0.47619854123016514 -1.8202361961975493
1876 0.46059381526029197 -1.775983348283981
1878 0.4460358636334518 -1.733033153034659
1880 0.4324421749202428 -1.6913087683273964
1882 0.41973848946127656 -1.6507381621280046
1884 0.4078578602613377 -1.6112537712304382
1886 0.396739835536268 -1.5727921792876856
1888 0.38632974560217964 -1.5352938145442858
1890 0.37657807947440064 -1.4987026671295418
1892 0.3674399387782634 -1.462966025392056
1894 0.35887455844411864 -1.4280342305095903
1896 0.3508448852280907 -1.3938604484545756
1898 0.34331720641690544 -1.3604004583069609
1900 0.3362608221867308 -1.3276124558704385
1902 0.32964775602184004 -1.2954568715402186
1904 0.3234524983934193 -1.263896201394025
1906 0.3176517795700222 -1.2328948505077013
1908 0.3122243680040067 -1.2024189875458386
1910 0.3071508912247265 -1.1724364097250377
1912 0.30241367658572055 -1.1429164173036217
1914 0.2979966095686814 -1.1138296968020913
1916 0.2938850076535602 -1.085148212217348
1918 0.2900655080258732 -1.0568451035387063
1920 0.28652596762003435 -1.0288945919291677
1922 0.2832553741931249 -1.00127189097737
1924 0.28024376729380684 -0.9739531234715039
1926 0.2774821681389011 -0.9469152431850865
1928 0.27496251753960954 -0.9201359612032503
1930 0.272677621132353 -0.893593676350014
1932 0.2706211012688595 -0.8672674093101213
1934 0.26878735500817996 -0.8411367400654253
1936 0.26717151773163417 -0.8151817482923965
1938 0.2657694319715019 -0.7893829563896426
1940 0.2645776211074974 -0.7637212748246329
1942 0.2635932676419424 -0.738177949507416
1944 0.26281419581739035 -0.7127345109153143
1946 0.2622388583884211 -0.6873727247052835
1948 0.26186632740524335 -0.6620745435656812
1950 0.2616962889094548 -0.6368220600662265
1952 0.26172904148397025 -0.6115974602770455
1954 0.2619654986395005 -0.5863829779329862
1956 0.26240719506008564 -0.5611608489263784
1958 0.2630562967704522 -0.5359132659162894
1960 0.26391561532947155 -0.510622332845023
1962 0.26498862619638663 -0.48527001915652435
1964 0.2662794914617909 -0.4598381135118994
1966 0.2677930871830428 -0.4343081767977235
1968 0.2695350356153742 -0.4086614942247718
1970 0.27151174268604705 -0.3828790263118111
1972 0.2737304411205075 -0.35694135855062875
1974 0.2761992396975031 -0.33082864954659263
1976 0.27892717918591 -0.304520577428526
1978 0.2819242956010805 -0.2779962843227242
1980 0.2852016915136745 -0.25123431868633983
1982 0.288771616252454 -0.22421257529890468
1984 0.2926475559643559 -0.19690823271691413
1986 0.29684433463521864 -0.169297688003957
1988 0.3013782273332972 -0.14135648856471217
1990 0.30626708711981593 -0.11305926092980685
1992 0.31153048727998073 -0.08437963636761239
1994 0.3171898807677565 -0.05529017323802706
1996 0.3232687790346292 -0.025762276055900486
1998 0.3297929527309815 0.00423388869576142
2000 0.3367906571383266 0.03472947987095049
2002 0.3442928856163675 0.06575707182650355
2004 0.352333654843867 0.09735074703149815
2006 0.36095032620534 0.12954619049220203
2008 0.37018396834177564 0.16238078509478035
2010 0.3800797666574961 0.19589370661806582
2012 0.3906874864748642 0.23012601671786787
2014 0.40206199757617195 0.2651207516082194
2016 0.41426386908944324 0.30092300342133066
2018 0.42736004509187964 0.33757999027830454
2020 0.44142461295108243 0.3751411098824795
2022 0.4565396783346702 0.4136579698842933
2024 0.47279636303306133 0.4531843862635632
2026 0.4902959442945453 0.49377633840147256
2028 0.5091511573133926 0.5354918662196549
2030 0.5294876858697212 0.5783908905205056
2032 0.5514458699323187 0.6225349322187999
2034 0.5751826633085851 0.6679866991446719
2036 0.600873879142096 0.7148095000744266
2038 0.6287167661442007 0.763066434018407
2040 0.6589329637412059 0.8128192878100591
2042 0.6917718895222386 0.8641270557166454
2044 0.7275146169650236 0.9170439698810422
2046 0.7664783045489922 0.9716168983187636
2048 0.809021237667394 1.0278819259193424
2050 0.855548540093486 1.0858598809498785
2052 0.9065185988534571 1.1455505018877439
2054 0.9624502202122042 1.2069248534385804
2056 1.023930487590068 1.2699154923207414
2058 1.0916232134359596 1.3344037487301754
2060 1.1662777500175026 1.4002033250039065
2062 1.248737725026574 1.4670392178375924
2064 1.3399489631105261 1.5345207487899568
2066 1.4409653970510767 1.6021072546064217
2068 1.5529510993801865 1.6690647786608945
2070 1.677175596568622 1.7344119865608578
2072 1.8149982699920297 1.7968536293169135
2074 1.9678358097946884 1.8547004148126849
2076 2.137104321643119 1.9057754781230913
2078 2.324124873159909 1.9473103065510873
2080 2.5299783775531934 1.975837738091483
2082 2.7552936775001333 1.9870974460897688
2084 2.9999533912593277 1.9759810047367423
2086 3.2627087618365302 1.9365593222536972
2088 3.5407121576599976 1.8622529999831483
2090 3.829009366381552 1.7462199656859974
2092 4.12008622224249 1.5820321391147012
2094 4.403629200818913 1.3646750841676494
2096 4.666713404238211 1.091812724525482
2098 4.894627785976262 0.7651116489218291
2100 5.072432217491842 0.3912569151907138
2102 5.18709416959153 -0.017791956874780582
2104 5.2297439395942815 -0.4456477442019668
2106 5.197384692144744 -0.8734512330658107
2108 5.093470624719282 -1.2825001172508752
2110 4.927147139913402 -1.6568148201636996
2112 4.7114407802693234 -1.984939033130666
2114 4.461017405172732 -2.260616592752446
2116 4.190144334732794 -2.4824204629718385
2118 3.911259617069351 -2.652703805853376
2120 3.6342507019301666 -2.7763097619874704
2122 3.3663250557091513 -2.859374286970418
2124 3.1122646060963914 -2.9083966919521194
2126 2.8748647055533687 -2.9296179367798874
2128 2.6554135470942253 -2.928667370234546
2130 2.4541289847233836 -2.9104084887531654
2132 2.2705169880771905 -2.8789146447266183
2134 2.103645472643044 -2.8375194393970933
2136 1.9523422822430332 -2.78890308266896
2138 1.8153316952953082 -2.735190272439185
2140 1.6913242373020392 -2.6780456631566807
2142 1.579072656559293 -2.618759986309344
2144 1.4774042858229937 -2.558324163442798
2146 1.3852374694716718 -2.497491158949715
2148 1.3015875994737804 -2.436826534309041
2150 1.2255666406612709 -2.376749169429761
2152 1.1563787924662698 -2.3175637257813726
2154 1.0933140496013483 -2.259486334527328
2156 1.035740805383488 -2.20266481452575
2158 0.9830982173412723 -2.1471945223218536
2160 0.9348887693928732 -2.093130740978666
2162 0.8906712763085199 -2.0404983409708555
2164 0.8500544540206942 -1.9892992989341542
2166 0.8126911021363576 -1.9395185384281453
2168 0.7782728978245282 -1.8911284584391326
2170 0.7465257728248486 -1.844092436689777
2172 0.7172058307141697 -1.7983675325429342
2174 0.6900957550869233 -1.753906565256262
2176 0.665001657853243 -1.7106597049084828
2178 0.64175031838246 -1.668575683259023
2180 0.6201867673976574 -1.6276027083360165
2182 0.6001721735064203 -1.5876891482347648
2184 0.5815819945093975 -1.5487840353231503
2186 0.5643043598407033 -1.5108374309017156
2188 0.5482386544838338 -1.4738006816613956
2190 0.5332942783757764 -1.4376265924759872
2192 0.5193895586265449 -1.4022695347462684
2194 0.5064507948317717 -1.36768550534359
2196 0.49441142035963553 -1.3338321479337536
2198 0.4832112647745154 -1.3006687458983088
2200 0.47279590454799175 -1.2681561940571653
2202 0.4631160909349961 -1.236256954811378
2204 0.4541272453901676 -1.2049350030835588
2206 0.4457890141931495 -1.1741557634482451
2208 0.43806487507199393 -1.1438860420778962
2210 0.4309217895797396 -1.1140939555192915
2212 0.42432989581502656 -1.0847488578386661
2214 0.41826223680022695 -1.0558212672981857
2216 0.41269452045529414 -1.0272827934310649
2218 0.4076049076469947 -0.9991060651510187
2220 0.4029738252637924 -0.9712646603518633
2222 0.3987838016748207 -0.9437330373129702
2224 0.39501932228806874 -0.9164864681159473
2226 0.39166670323447644 -0.8895009741971409
2228 0.38871398147811376 -0.8627532640959739
2230 0.38615081989330685 -0.8362206734127829
2232 0.3839684260633139 -0.8098811069561963
2234 0.38215948374481556 -0.7837129830373346
2236 0.3807180961130909 -0.7576951798527815
2238 0.37963974005666934 -0.731806983892074
2240 0.37892123093079233 -0.7060280403041888
2242 0.37856069730841774 -0.680338305160778
2244 0.37855756538854696 -0.6547179995662599
2246 0.37891255283536895 -0.6291475655756902
2248 0.3796276719315866 -0.6036076239033092
2250 0.38070624203515224 -0.5780789334268449
2252 0.3821529114340123 -0.5525423525235175
2254 0.3839736887981548 -0.5269788023087488
2256 0.3861759845358565 -0.5013692318913385
2258 0.3887686624703551 -0.4756945858101943
2260 0.3917621023688745 -0.4499357738783647
2262 0.3951682739768123 -0.4240736437315179
2264 0.39900082333887493 -0.39808895646522274
2266 0.40327517232784305 -0.37196236584677955
2268 0.4080086324506713 -0.34567440171063324
2270 0.41322053416424986 -0.31920545829184754
2272 0.41893237310893106 -0.29253578842880573
2274 0.4251679748605979 -0.2656455047746682
2276 0.4319536800105869 -0.2385145894120261
2278 0.4393185516107293 -0.21112291356647658
2280 0.447294607267204 -0.18345026948147053
2282 0.4559170784317917 -0.1554764169575204
2284 0.46522469972438363 -0.12718114758777202
2286 0.4752600314193781 -0.0985443703640511
2288 0.48606981854136444 -0.0695462231000832
2290 0.497705390332805 -0.04016721505196501
2292 0.5102231041671799 -0.010388407244793783
2294 0.5236848382708444 0.01980836162290237
2296 0.5381585378596099 0.050440194177871836
2298 0.5537188194594146 0.08152278676739093
2300 0.5704476382147959 0.11307000134454748
2302 0.5884350228277593 0.14509334004632585
2304 0.6077798823184517 0.17760130218986164
2306 0.6285908879315205 0.21059859924043078
2308 0.6509874320508768 0.2440851983151432
2310 0.6751006636957082 0.27805515884851295
2312 0.70107459673017 0.3124952200181242
2314 0.72906728190327 0.34738308828149755
2316 0.7592520266691992 0.3826853647933071
2318 0.7918186366771994 0.4183550415092155
2320 0.8269746388716891 0.45432848247871105
2322 0.8649464270440181 0.49052179342691404
2324 0.905980244799184 0.5268264687468026
2326 0.9503428862152346 0.563104191482349
2328 0.9983219485081127 0.5991806505088338
2330 1.0502254108601925 0.6348382327412377
2332 1.1063802359932788 0.6698074512330735
2334 1.1671295928291525 0.7037569891465664
2336 1.2328281770187113 0.736282284541301
2338 1.3038349603399522 0.7668926655958471
2340 1.3805025327588465 0.7949971891770037
2342 1.4631620219016774 0.8198895623040301
2344 1.552102404971321 0.8407328663016389
2346 1.6475429069155099 0.856545290841926
2348 1.7495971715873846 0.8661887504012281
2350 1.8582281005841383 0.8683631142657744
2352 1.9731928198073554 0.8616098109447174
2354 2.093978337285413 0.8443296745957408
2356 2.219730292596233 0.8148208728300987
2358 2.3491799173474486 0.7713432132286092
2360 2.4805779172439753 0.7122144968291854
2362 2.6116481099581628 0.6359421424087179
2364 2.7395774480570427 0.5413883329601106
2366 2.8610610201878304 0.4279590978212035
2368 2.9724187418291663 0.29579761151653733
2370 3.069792767513066 0.14595157477296825
2372 3.1494203783439003 -0.019522565356294548
2374 3.207957870659677 -0.19755517891674404
2376 3.242811615631058 -0.3841836788640333
2378 3.252420127660771 -0.5747994852231071
2380 3.2364323524989915 -0.7644950255862637
2382 3.195744937185114 -0.948458499415695
2384 3.1323908764560016 -1.1223513003053702
2386 3.0493040359888846 -1.28260799510513
2388 2.950007874682417 -1.426619512473259
2390 2.83828539154474 -1.5527885912138026
2392 2.7178806296546068 -1.660472727056517
2394 2.59226520330674 -1.7498467282622343
2396 2.464483567868263 -1.8217223738836952
2398 2.3370741077287507 -1.877358681613194
2400 2.212052565625246 -1.918287106303447
2402 2.0909400237889226 -1.9461656399133698
2404 1.974818023308905 -1.9626669532361207
2406 1.8643964413475667 -1.9693995539450138
2408 1.7600837123758248 -1.9678574447655637
2410 1.6620527610409306 -1.9593923763826302
2412 1.5702990665674144 -1.9452027770591653
2414 1.4846894623571598 -1.9263341717377065
2416 1.4050016745602578 -1.9036869245058097
2418 1.330955394092924 -1.8780281734807993
2420 1.262236041344074 -1.8500057360124285
2422 1.1985124766540804 -1.820162493206078
2424 1.139449848182871 -1.7889503152740864
2426 1.084718630654859 -1.7567429862609618
2428 1.0340007430653408 -1.7238478593594135
2430 0.9869934691132439 -1.690516152810719
2432 0.9434117553736506 -1.6569519074047987
2434 0.9029893349163771 -1.6233196905667742
2436 0.8654790191308653 -1.5897511644768358
2438 0.83065241633364 -1.5563506478606295
2440 0.7982992695586079 -1.5231998008265495
2442 0.7682265547457379 -1.4903615547237292
2444 0.7402574414844515 -1.4578833979407193
2446 0.7142301889901573 -1.4258001160586908
2448 0.6899970279877349 -1.3941360721708966
2450 0.6674230629064857 -1.3629071012426557
2452 0.6463852168874389 -1.3321220815061452
2454 0.6267712334934997 -1.3017842362289815
2456 0.6084787428603712 -1.271892210771769
2458 0.5914143957030101 -1.242440962605872
2460 0.5754930656136883 -1.2134224957882087
2462 0.5606371180928443 -1.184826466167163
2464 0.5467757434716982 -1.1566406792006496
2466 0.5338443501151052 -1.128851498587484
2468 0.5217840138836655 -1.1014441808386977
2470 0.5105409796774599 -1.0744031483550136
2472 0.5000662108998575 -1.0477122114456663
2474 0.4903149828082907 -1.02135474795402
2476 0.48124651592128764 -0.9953138476846919
2478 0.4728236458945209 -0.9695724276083185
2480 0.46501252654328823 -0.9441133228059675
2482 0.45778236296195113 -0.9189193572772754
2484 0.45110517195871086 -0.8939733980373606
2486 0.4449555672849506 -0.8692583953500691
2488 0.43931056738503804 -0.8447574114638098
2490 0.43414942362395764 -0.8204536398176974
2492 0.4294534671664886 -0.7963304163533248
2494 0.4252059728802276 -0.7723712242927057
2496 0.42139203881973203 -0.7485596935131764
2498 0.41799848001700346 -0.7248795954608237
2500 0.415013735459909 -0.7013148343852462
2502 0.41242778728230933 -0.6778494355487884
2504 0.41023209132158633 -0.6544675309547453
2506 0.40841951832103635 -0.6311533430504341
2508 0.40698430516754797 -0.6078911667887502
2510 0.40592201566068487 -0.5846653503725862
2512 0.40522951040893257 -0.5614602749607319
2514 0.4049049255432881 -0.5382603335763484
2516 0.40494766002913823 -0.5150499094337432
2518 0.405358371445293 -0.4918133538795299
2520 0.40613898018549516 -0.46853496413458856
2522 0.4072926821235285 -0.4451989610198546
2524 0.4088239698693436 -0.4217894668542844
2526 0.41073866283186233 -0.3982904837247018
2528 0.413043946394593 -0.3746858723491599
2530 0.4157484206052847 -0.35095933178332733
2532 0.41886215888030326 -0.3270943802593638
2534 0.4223967773305875 -0.303074337497344
2536 0.42636551542984863 -0.2788823088909729
2538 0.43078332886820775 -0.2545011720486976
2540 0.4356669955672309 -0.22991356626594675
2542 0.44103523597768096 -0.20510188561991657
2544 0.44690884893832844 -0.18004827652045763
2546 0.4533108645479384 -0.15473464071916124
2548 0.4602667156907563 -0.12914264498479744
2550 0.4678044300624022 -0.10325373890213774
2552 0.4759548447684958 -0.07704918254780715
2554 0.4847518458122902 -0.050510086158754026
2556 0.49423263505193843 -0.023617464342404942
2558 0.5044380274906854 0.003647692098539402
2560 0.5154127820630948 0.031304323021828645
2562 0.5272059693932536 0.05937118001580872
2564 0.5398713803204243 0.08786667629724296
2566 0.5534679793033972 0.1168086989399628
2568 0.5680604071122004 0.1462143755981223
2570 0.5837195374729532 0.1760997862710538
2572 0.6005230925141619 0.20647960870522125
2574 0.6185563219298698 0.23736668367899016
2576 0.637912750660078 0.26877148358494524
2578 0.6586949995060973 0.3007014643213361
2580 0.681015682329659 0.3331602764235189
2582 0.7049983821654808 0.36614680648730596
2584 0.7307787064855554 0.3996540141215861
2586 0.7585054186963193 0.43366752278653603
2588 0.7883416383219436 0.4681639147735611
2590 0.8204660957046175 0.5031086711529941
2592 0.8550744177266523 0.5384536866632976
2594 0.8923804081158231 0.5741342772570148
2596 0.9326172681369532 0.6100655845034436
2598 0.9760386793712872 0.6461382666980787
2600 1.0229196379125258 0.6822133521606889
2602 1.073556886291049 0.7181161172826172
2604 1.128268732932437 0.7536288428205843
2606 1.1873939757356946 0.7884823005613525
2608 1.2512895529913055 0.8223458346426092
2610 1.3203264282195557 0.8548159361736053
2612 1.3948830736739803 0.8854032787960602
2614 1.4753357510966558 0.9135183037346194
2616 1.5620446041679885 0.9384556387464016
2618 1.6553343908112723 0.959377935319537
2620 1.7554685264080263 0.9753001465397587
2622 1.862615035657256 0.9850758790255285
2624 1.9768031085121647 0.9873882622724335
2626 2.0978693526364625 0.9807487870289581
2628 2.2253937032165867 0.9635087141711158
2630 2.358626494232072 0.9338887912676371
2632 2.4964106061690368 0.8900338291870569
2634 2.637105976319434 0.8300986835024017
2636 2.778527932016846 0.7523706550035727
2638 2.9179151782991903 0.6554294721332209
2640 3.051946599797699 0.5383392210193484
2642 3.176826420801068 0.40085687400701564
2644 3.288452482918435 0.24363071810962628
2646 3.3826707756320933 0.06835197085643378
2648 3.455601108147317 -0.12218138317613074
2650 3.503997275900541 -0.32412347388195867
2652 3.5255868192822604 -0.5327785541987888
2654 3.5193284061094996 -0.7429259976027641
2656 3.485534551915029 -0.9492293914389427
2658 3.4258333595016732 -1.146664545359653
2660 3.342977692727595 -1.3308960647359833
2662 3.240542069121632 -1.498546173888537
2664 3.1225663025744663 -1.6473270890124672
2666 2.993206281235305 -1.776039157783874
2668 2.856438980937751 -1.8844614010993528
2670 2.715848078134126 -1.97317364683472
2672 2.574495965817327 -2.0433501237222904
2674 2.4348727055283472 -2.096556827586707
2676 2.2989042054243303 -2.134573890225953
2678 2.1679998424845706 -2.1592533857829093
2680 2.043121776368288 -2.172414636857885
2682 1.924862197720863 -2.175773744711566
2684 1.8135191199284852 -2.1709014144889722
2686 1.7091651421562069 -2.1592024281297593
2688 1.611706516615137 -2.1419105654347255
2690 1.5209318270428775 -2.1200937799279953
2692 1.4365507816370955 -2.094665597048606
2694 1.3582242461406553 -2.066399790101889
2696 1.2855868817903557 -2.035946301587513
2698 1.2182637592131433 -2.003847088022601
2700 1.1558822005333274 -1.9705510896516967
2702 1.0980799283123759 -1.9364278938939221
2704 1.0445104138587373 -1.9017799078969864
2706 0.9948461420583458 -1.8668530128981176
2708 0.9487803559786725 -1.8318457673332045
2710 0.9060277154958278 -1.7969172768795052
2712 0.8663241994595965 -1.7621938726529602
2714 0.8294264978620834 -1.7277747440966713
2716 0.7951110758051303 -1.6937366678812558
2718 0.7631730414510827 -1.6601379632056772
2720 0.7334249125428514 -1.6270217903185322
2722 0.7056953479079858 -1.5944188948082887
2724 0.6798278894646298 -1.5623498863600584
2726 0.6556797449095064 -1.5308271278633518
2728 0.6331206301338743 -1.4998562992654498
2730 0.6120316824274695 -1.4694376904747792
2732 0.5923044498903229 -1.4395672688994725
2734 0.573839958560654 -1.4102375597474581
2736 0.5565478561225169 -1.3814383708950808
2738 0.540345629332456 -1.3531573888047943
2740 0.5251578912407104 -1.3253806675078825
2742 0.5109157336888179 -1.2980930289370758
2744 0.4975561403008138 -1.2712783897864404
2746 0.4850214551455422 -1.2449200274896126
2748 0.47325890235899837 -1.2190007957610332
2750 0.46222015222361396 -1.193503298364037
2752 0.4518609294667283 -1.1684100282908547
2754 0.44214065983713435 -1.1437034783160618
2756 0.43302215132710925 -1.1193662278697962
2758 0.4244713067141529 -1.0953810103339863
2760 0.4164568643950847 -1.0717307641685527
2762 0.4089501647681231 -1.0483986706938004
2764 0.4019249396843126 -1.0253681808755843
2766 0.3953571227359276 -1.002623033060019
2768 0.3892246783764775 -0.9801472632732703
2770 0.38350744807431386 -0.9579252094258726
2772 0.37818701189132437 -0.9359415105323857
2774 0.3732465640496005 -0.9141811018653831
2776 0.36867080120509077 -0.8926292068051048
2778 0.3644458222879466 -0.8712713260127932
2780 0.36055903889691443 -0.8500932244467062
2782 0.35699909535050117 -0.829080916647039
2784 0.3537557976020472 -0.8082206506405893
2786 0.3508200503209332 -0.7874988907519876
2788 0.3481838015279643 -0.7669022995559579
2790 0.34583999425219775 -0.7464177191614507
2792 0.34378252474799026 -0.7260321519821026
2794 0.3420062068780273 -0.7057327411191695
2796 0.34050674232911055 -0.685506750457095
2798 0.3392806963852427 -0.6653415445550594
2800 0.33832547903639276 -0.6452245684007722
2802 0.3376393312527794 -0.6251433270826553
2804 0.3372213163035993 -0.6050853654276338
2806 0.3370713160470736 -0.5850382476474841
2808 0.3371900321654856 -0.5649895370334818
2810 0.3375789923657123 -0.5449267757408195
2812 0.33824056161254157 -0.5248374647067322
2814 0.33917795851005406 -0.50470904375346
2816 0.3403952769957842 -0.48452887193592237
2818 0.34189751356356873 -0.46428420820749455
2820 0.34369060028559345 -0.4439621924943211
2822 0.34578144396154886 -0.4235498272887092
2824 0.34817797178467486 -0.40303395989995194
2826 0.3508891839813349 -0.3824012655319701
2828 0.353925213953024 -0.3616382313972682
2830 0.35729739652898085 -0.3407311421235527
2832 0.36101834502422864 -0.319666066767083
2834 0.3651020378929054 -0.2984288478162652
2836 0.36956391587197396 -0.2770050926509758
2838 0.3744209906256847 -0.2553801680245549
2840 0.379691966029054 -0.23353919825436176
2842 0.38539737336938207 -0.21146706795141845
2844 0.3915597218993614 -0.18914843029412767
2846 0.39820366634659304 -0.1665677220583203
2848 0.4053561931702334 -0.14370918686836648
2850 0.4130468275595636 -0.12055690843585475
2852 0.4213078633898765 -0.09709485591637024
2854 0.4301746185885389 -0.07330694395378859
2856 0.4396857186157267 -0.04917711051051222
2858 0.4498834110295722 -0.024689416219004025
2860 0.4608139143750653 0.00017183023951888396
2862 0.4725278049060114 0.025421915296442544
2864 0.48508044490456986 0.051075525643759265
2866 0.49853245658532874 0.07714650746409567
2868 0.5129502457361236 0.10364757020906777
2870 0.5284065793169764 0.13058992342824358
2872 0.5449812211610209 0.1579828327869522
2874 0.5627616296252761 0.18583307856902653
2876 0.5818437204276021 0.21414429655356676
2878 0.6023326968423441 0.24291617707678656
2880 0.6243439477344144 0.27214349323755654
2882 0.6480040113394384 0.30181492344928135
2884 0.6734515989237814 0.3319116267725352
2886 0.7008386670423635 0.3624055215664433
2888 0.7303315194792909 0.3932572089052379
2890 0.7621119093486721 0.4244134719108106
2892 0.7963780972689444 0.4558042707706925
2894 0.8333458017407308 0.4873391410635193
2896 0.8732489512705118 0.5189028907559117
2898 0.9163401124166443 0.550350480019466
2900 0.9628904214470572 0.5815009597927434
2902 1.013188786976764 0.6121303428424034
2904 1.0675400539191302 0.6419632896865506
2906 1.126261722637095 0.6706635181251253
2908 1.189678699517867 0.6978228993629737
2910 1.2581154166916109 0.7229492998587862
2912 1.3318845039194118 0.7454533849113042
2914 1.4112710369565313 0.7646348415534356
2916 1.496511248449181 0.779668832872089
2918 1.5877645128269777 0.7895939929434822
2920 1.6850774753332067 0.7933039346491062
2922 1.7883394906250127 0.7895450751553229
2924 1.8972292086055578 0.7769245458049617
2926 2.011153363319925 0.7539329267480783
2928 2.129180751426578 0.7189872932586199
2930 2.249977125068935 0.6705001814161607
2932 2.37175017527205 0.6069790074596608
2934 2.4922174991342523 0.5271575387465655
2936 2.608613466028726 0.4301556499190321
2938 2.717751698983992 0.31565572177216206
2940 2.816156605473133 0.18407454859186476
2942 2.900268494083081 0.03670079190624808
2944 2.966712172254182 -0.1242365686331733
2946 3.012600898840946 -0.29559979097067274
2948 3.0358313110012833 -0.47349095744810166
2950 3.0353170878163667 -0.6535115848433997
2952 3.0111148507494767 -0.8311010700907276
2954 2.9644156917896325 -1.0019012556840938
2956 2.8974043487394816 -1.1620873415430308
2958 2.8130159586241628 -1.3086146028354007
2960 2.7146384118142106 -1.4393521800583178
2962 2.605812016834491 -1.553101366193143
2964 2.489968840113696 -1.6495177675570372
2966 2.3702372986752605 -1.7289691888299958
2968 2.2493198898275333 -1.7923633343071592
2970 2.1294380996090547 -1.8409740721007037
2972 2.0123304942636366 -1.8762859916193257
2974 1.8992873750684205 -1.899867699284383
2976 1.7912065477104127 -1.9132768015121402
2978 1.6886578988038705 -1.917994543637567
2980 1.5919481461423421 -1.9153854353144266
2982 1.5011804608579065 -1.9066763086355962
2984 1.4163062625663232 -1.8929494704680445
2986 1.3371683012710365 -1.8751453853972513
2988 1.263535269680739 -1.8540712888786663
2990 1.1951288031609761 -1.8304130639301972
2992 1.1316439852978286 -1.8047485143489674
2994 1.0727645184627617 -1.7775608000979615
2996 1.0181736380636632 -1.7492512725963654
2998 0.9675617113189888 -1.7201512832310164
3000 0.9206313063740925 -1.690532766416745
